0 0 0 0 0 0 0.994579150667885 0.103878537754712 0.00151965519136012 0 0.103866144283265 -0.994558870173738 0.00672493358145202 0 0.00221000536656334 -0.00653076374181139 -0.99997623221816 0 0.664634706529517 0.140619735521793 0.41500259082555 1 1 
0 0 0 0 0 0 0.994579150667885 0.103878537754712 0.00151965519136012 0 0.103866144283265 -0.994558870173738 0.00672493358145202 0 0.00221000536656334 -0.00653076374181139 -0.99997623221816 0 0.664634706529517 0.140619735521793 0.41500259082555 1 1 
-1.54444445010782e-05 -1.02460352979783e-05 8.33240809683389e-06 5.11934941920134e-07 -3.59544999170325e-07 -1.03267479990219e-05 0.994577740114999 0.103891963263801 0.00152503709557191 0 0.103879543844198 -0.994557499609971 0.00672065781695496 0 0.00221500206126554 -0.00652592215006365 -0.999976252771015 0 0.664633151827641 0.140629514358587 0.415005819059396 1 0 
-4.17407407526937e-05 -2.76913231511688e-05 2.25194818348484e-05 1.38755954424972e-06 -9.74518545881701e-07 -2.79898412352169e-05 0.994578395397479 0.103885709833098 0.00152368049690008 0 0.103873298601189 -0.994558149473248 0.00672101593995927 0 0.00221364898671032 -0.00652643318384113 -0.999976252432057 0 0.664633666250004 0.14062786832863 0.415004928995893 1 0 
-8.09259258494066e-05 -5.36872590550797e-05 4.36602197728675e-05 2.69814557694581e-06 -1.89497662649435e-06 -5.44269733440891e-05 0.994578406823596 0.103885720294141 0.00151548685696751 0 0.103873365504001 -0.994558151564005 0.00671967243779871 0 0.00220536027854597 -0.00652594803207414 -0.999976273912699 0 0.664634280999271 0.140627136724633 0.41499879637243 1 0 
-0.000132822222220774 -8.81159032684042e-05 7.16587095217491e-05 4.44173815717531e-06 -3.11954627681098e-06 -8.95987104430649e-05 0.994578095156692 0.10388871904508 0.00151446058607889 0 0.103876362740527 -0.99455781353629 0.00672336961060485 0 0.00220474331383064 -0.00652972520059837 -0.999976250615846 0 0.664633411271791 0.140626304760122 0.41499753626078 1 0 
-0.000197251851852265 -0.000130859315633503 0.000106419038359284 6.6163824021051e-06 -4.64685453263426e-06 -0.00013346561864957 0.994577521316597 0.103894353041549 0.00150479201891952 0 0.10388206619446 -0.994557237635351 0.00672043834277443 0 0.0021948596451801 -0.0065278016854101 -0.999976284916944 0 0.664633737799187 0.14062929411726 0.414989907111428 1 0 
-0.000274037037062413 -0.000181799556187023 0.000147845293618776 9.22012342890208e-06 -6.4755284297669e-06 -0.000185988264081032 0.994577920330043 0.103890720601321 0.00149179962240007 0 0.103878513824461 -0.99455759373268 0.00672264943986956 0 0.00218214355046893 -0.00653135852020546 -0.999976289521609 0 0.664633689311275 0.140628153697792 0.414979872600821 1 0 
-0.000363000000058733 -0.000240818684993371 0.000195841562744548 1.22510063547331e-05 -8.60419500401158e-06 -0.000247127212854875 0.994578134410296 0.103888916926699 0.00147458263294281 0 0.103876828700017 -0.994557788614258 0.00671985618538579 0 0.00216471790107914 -0.00653037279071276 -0.999976333833768 0 0.664635785330704 0.140626118679192 0.414965745959625 1 0 
-0.000463962962937714 -0.000307798762005929 0.000250311933125413 1.57070762967652e-05 -1.1031481291171e-05 -0.000316843031088526 0.994577657567391 0.103893510473004 0.0014725659798793 0 0.10388145169074 -0.994557356870667 0.00671228651550881 0 0.00216195596251498 -0.00652304349661653 -0.999976387646207 0 0.664638415968415 0.140625287696694 0.414960932382001 1 0 
-0.000576748148128914 -0.000382621847344611 0.000311160492094675 1.95863783721651e-05 -1.37560143270478e-05 -0.000395096284899412 0.994578303927547 0.103887597468987 0.00145304849655201 0 0.103875660733436 -0.994557944682067 0.00671481036090874 0 0.00214276769702691 -0.0065275940037029 -0.999976399253062 0 0.664639265179277 0.140622425941923 0.414946500998311 1 0 
-0.000701177777839845 -0.000465170001073822 0.000378291327152169 2.38869576980997e-05 -1.67764211474448e-05 -0.000481847540404959 0.994578541130661 0.103885659230086 0.0014290661091914 0 0.10387388181076 -0.994558139076922 0.00671353667026947 0 0.0021187703058256 -0.0065288225632837 -0.999976442366683 0 0.664639658825052 0.140621093989581 0.414927659772072 1 0 
-0.000837074074055977 -0.000555325283008168 0.000451608525575686 2.8606859391736e-05 -2.00913287881646e-05 -0.000577057363722592 0.994578499442007 0.103886318784231 0.0014100065092376 0 0.103874657409676 -0.994558031070686 0.00671753541343301 0 0.00210023375903662 -0.00653477816307782 -0.999976442568782 0 0.664635957560497 0.140619710811646 0.414920362012209 1 0 
-0.000984259259206866 -0.000652969753350829 0.000531016174809551 3.37441285702408e-05 -2.36993642850098e-05 -0.000680686320969737 0.994579431129659 0.103877498993482 0.00140259683139985 0 0.103865883702984 -0.994558939246973 0.00671874004135555 0 0.002092931424127 -0.00653676454184062 -0.999976444896268 0 0.664634492431062 0.140618560304712 0.414914948009653 1 0 
-0.00114255555561105 -0.000757985472166212 0.000616418362298088 3.92968103507811e-05 -2.75991546737833e-05 -0.000792694978263823 0.994577569537617 0.103895506121531 0.00138884182208707 0 0.103883975925084 -0.994557035151694 0.00672088368275186 0 0.00207959205526432 -0.00654028766873157 -0.999976449689738 0 0.664629853890027 0.140624146128342 0.414910568794722 1 0 
-0.00131178518514297 -0.000870254499296674 0.000707719175263577 4.52629498505236e-05 -3.17893269902876e-05 -0.000913043901722272 0.994576690073323 0.103904259113028 0.00136359897888632 0 0.103892888725637 -0.994556087243088 0.00672338465129948 0 0.00205480352727038 -0.00654537943443626 -0.999976467618375 0 0.664625403669571 0.140625510930657 0.414901970006528 1 0 
-0.0014917703703432 -0.000989658894917644 0.000804822701261365 5.16405921866355e-05 -3.62685082703255e-05 -0.00104169365746251 0.994577343254936 0.10389832801356 0.00133888802665979 0 0.103887110254413 -0.994556659981767 0.00672794991862114 0 0.00203066184792116 -0.00655249950349078 -0.999976470304535 0 0.664620052281768 0.140625825875482 0.414895119645639 1 0 
-0.00168233333341927 -0.00111608071906577 0.000907633027680266 5.84277824762835e-05 -4.10353255496996e-05 -0.00117860481160197 0.99457739112504 0.103898137023148 0.00131798605298993 0 0.103887041250541 -0.994556616683672 0.00673541180209948 0 0.00201064719920896 -0.00656209296745448 -0.999976447839511 0 0.664615777937449 0.140624004523346 0.414888917627346 1 0 
-0.00188329629624562 -0.00124940203158341 0.00101605424174256 6.56225658366343e-05 -4.60884058642127e-05 -0.00132373793025808 0.994576759092974 0.103904520979632 0.00129139200784715 0 0.103893599861145 -0.994555932390318 0.00673529185157929 0 0.00198422705846185 -0.0065647237680372 -0.999976483345898 0 0.664610530315556 0.140626440625411 0.414879145405237 1 0 
-0.00209448148147384 -0.00138950489270151 0.00112999043094808 7.32229873848552e-05 -5.14263762496676e-05 -0.00147705357954825 0.994575733305375 0.103914473908926 0.00128052079822109 0 0.103903616013926 -0.994554858775204 0.00673931502988053 0 0.00197389856113398 -0.00656983493618423 -0.999976470219865 0 0.664606555110725 0.140631832040343 0.414875938793055 1 0 
-0.00231571111108941 -0.00153627136231793 0.00124934568268564 8.12270922381127e-05 -5.70478637418666e-05 -0.00163851232558992 0.994575448532732 0.103917505500191 0.00125543926209095 0 0.10390680527747 -0.994554500965151 0.00674294655166939 0 0.00194935048520899 -0.00657604701739792 -0.999976477542502 0 0.664603546902623 0.140630814519554 0.414863162974826 1 0 
-0.00254680740741087 -0.00168958350058035 0.00137402408439957 8.96329255135739e-05 -6.29514953766126e-05 -0.00180807473450051 0.994574845154677 0.10392344083622 0.00124206743777502 0 0.103912825967325 -0.994553863301026 0.00674421928004889 0 0.00193622272034345 -0.00657869076882592 -0.999976485658211 0 0.664599419020912 0.140635094066238 0.414856914441224 1 0 
-0.00278759259264572 -0.00184932336744215 0.00150392972342317 9.8438532328406e-05 -6.91358981897086e-05 -0.00198570137239745 0.99457859503733 0.103883732355856 0.00152818408423902 0 0.103871279972956 -0.994558324341413 0.00672633490006641 0 0.00221866769282856 -0.00653126002478891 -0.999976209795092 0 0.664636453883844 0.140619169655855 0.415005375777768 1 0 
-0.00303788888889045 -0.00201537302282895 0.00163896668703423 0.000107641957799775 -7.55996992169567e-05 -0.00217135280539816 0.994573691521853 0.103934944776442 0.00120261719553481 0 0.103924578143485 -0.994552595536521 0.00675008670133798 0 0.00189767247787145 -0.00658860401497222 -0.999976494291891 0 0.664594891309765 0.140636188241079 0.414832248897813 1 0 
-0.0032975185184636 -0.00218761452688843 0.00177903906278809 0.000117241247044849 -8.23415254941601e-05 -0.00236498959962008 0.994572992159966 0.10394170072002 0.00119708755331829 0 0.103931372891188 -0.994551894517721 0.00674875850602921 0 0.00189207955931635 -0.00658784482424638 -0.999976509891864 0 0.664592357431811 0.140643644640371 0.414827212286974 1 0 
-0.00356630370368372 -0.00236592993968499 0.00192405093801806 0.000127234445180793 -8.93600040571212e-05 -0.00256657232118061 0.994572433561961 0.103947179351585 0.00118541330209886 0 0.10393693224445 -0.994551327698621 0.00674667249328047 0 0.00188028815053295 -0.00658697307766897 -0.999976537875837 0 0.664590078938052 0.140648257121788 0.414818462176906 1 0 
-0.00384406666675829 -0.00255020132119976 0.00207390640016847 0.000137619597324777 -9.66537619416428e-05 -0.00277606153619721 0.994572772795463 0.103944182529613 0.00116337156726702 0 0.103934071663177 -0.994551593648801 0.00675153459240274 0 0.0018588515789119 -0.00659410549331175 -0.999976530946377 0 0.664588883090405 0.14064242631132 0.414804805120223 1 0 
-0.00413062962956179 -0.00274031073130288 0.00222850953635056 0.000148394748593965 -0.000104221426183528 -0.00299341781078729 0.994571554940065 0.103956055231061 0.00114349731346699 0 0.10394606826968 -0.994550314359648 0.00675529419107667 0 0.00183955476573725 -0.00659988846618954 -0.999976528479793 0 0.664585742724817 0.140642546244151 0.414794540403287 1 0 
-0.00442581481485682 -0.00293614023033628 0.00238776443445277 0.000159557944105525 -0.000112061623818578 -0.00321860171106826 0.994571193131174 0.103959764937299 0.00112070023795203 0 0.103949932173475 -0.994549924685953 0.00675320734936122 0 0.00181668916275911 -0.00660017585103216 -0.99997656838509 0 0.664583131008205 0.140645631682099 0.414781403854189 1 0 
-0.00472944444440682 -0.00313757187800356 0.00255157518130877 0.000171107228976624 -0.000120172981882597 -0.00345157380315757 0.994571647364747 0.103955534270361 0.00110997925449674 0 0.10394575797921 -0.994550306861356 0.00676117011449869 0 0.00180682604671539 -0.00660921771186197 -0.999976526534935 0 0.664580282446568 0.140644200506961 0.414776700883848 1 0 
-0.00504134074075235 -0.00334448773453566 0.002719845864807 0.000183040648324428 -0.000128554127411388 -0.00369229465317265 0.994570708516907 0.103964777079203 0.00108525953424509 0 0.10395516207616 -0.994549316608033 0.00676224913927968 0 0.00178241416944114 -0.00661284390458111 -0.999976546372575 0 0.664575197842773 0.140649183144742 0.414765556255215 1 0 
-0.0053613259258789 -0.00355676985988596 0.0028924805720032 0.000195356247266106 -0.000137203687440752 -0.0039407248272309 0.99457026699115 0.10396912840888 0.00107296610296048 0 0.103959588111028 -0.99454882898345 0.00676592260102183 0 0.00177059834645327 -0.00661776774615507 -0.999976534790469 0 0.664570908008353 0.140648569381875 0.414760729426001 1 0 
-0.00568922222221602 -0.00377430031409109 0.0030693833903972 0.000208052070918821 -0.000146120289006493 -0.00419682489144975 0.994571000278669 0.1039623498814 0.00104981571454256 0 0.103952955786062 -0.994549494294287 0.00677002832542209 0 0.00174795539503298 -0.00662426993469614 -0.999976531574501 0 0.664568240687251 0.140646664590406 0.414748138267722 1 0 
-0.00602485185186019 -0.00399696115721548 0.00325045840737781 0.000221126164399745 -0.000155302559144414 -0.00446055541194666 0.994572049816309 0.103952591153236 0.00102147830196592 0 0.103943380152776 -0.994550475826107 0.00677286185362959 0 0.00172000138583046 -0.00663005083845179 -0.999976541735411 0 0.664564721772029 0.140639883100703 0.414734349274706 1 0 
-0.00636803703712996 -0.00422463444926802 0.00343560971038936 0.000234576572826041 -0.000164749124890316 -0.00473187695483902 0.994571122295179 0.103961636034936 0.00100390769324894 0 0.103952533631037 -0.994549488254084 0.00677739377907863 0 0.0017030576170377 -0.00663636915952074 -0.999976528824118 0 0.664560391830072 0.140640828606831 0.414726760497218 1 0 
-0.00671859999989977 -0.0044572022500633 0.00362474138659863 0.000248401341314877 -0.000174458613280003 -0.00501075008624427 0.994570726831138 0.10396569833941 0.000974577134095398 0 0.103956778674983 -0.994548996225558 0.00678448048595 0 0.00167465020425674 -0.0066464597535984 -0.999976509783824 0 0.664557320424246 0.140636448989875 0.414712111756617 1 0 
-0.00707636296304326 -0.00469454662008206 0.00381775752372748 0.000262598514983421 -0.000184429651349277 -0.00529713537227983 0.994570543641987 0.10396759177973 0.000959416705010817 0 0.103958773269192 -0.994548789461877 0.00678422740540407 0 0.00165955845962692 -0.00664778094545998 -0.9999765261616 0 0.664553414335681 0.140641548165558 0.414703720605125 1 0 
-0.00744114814810182 -0.00493654961886136 0.00401456220888718 0.000277166138948838 -0.000194660866133941 -0.00559099337906314 0.994571819617083 0.10395569332504 0.000925391853646244 0 0.103947094123266 -0.994549979969767 0.00678865720689914 0 0.00162609932364813 -0.00665574350059759 -0.999976528164259 0 0.664549780251257 0.140635167098546 0.414687942489208 1 0 
-0.00781277777783806 -0.00518309330682643 0.00421505952968859 0.000292102258328297 -0.000205150884669798 -0.00589228467271161 0.994570439734086 0.103969245529822 0.000885038029487524 0 0.1039609046289 -0.994548493094188 0.00679500507931244 0 0.00158671533921252 -0.00666623018113891 -0.999976521579184 0 0.664546436831394 0.140632539922148 0.414665261846283 1 0 
-0.00819107407401543 -0.00543405974365307 0.00441915357324296 0.000307404918238962 -0.000215898333992652 -0.00620096981934267 0.994570867664923 0.103965338902361 0.000862786397524293 0 0.103957146733165 -0.994548887146946 0.00679482296150765 0 0.00156453944571053 -0.00666836854308772 -0.999976542263516 0 0.664543440399769 0.140633618175186 0.414654150565675 1 0 
-0.0085758592592855 -0.00568933098968327 0.00462674842721666 0.000323072163798003 -0.000226901841138302 -0.00651700938507375 0.994570849790978 0.103965762002685 0.000831852427700499 0 0.103957771753302 -0.994548802214412 0.00679769131216637 0 0.00153407452840555 -0.00667443660373408 -0.999976548980707 0 0.664538924531449 0.140637710944757 0.414637269945918 1 0 
-0.00896695555552274 -0.00594878910470387 0.00483774817883198 0.000339102040122586 -0.000238160033142554 -0.00684036393602231 0.994571227169732 0.103962383590275 0.000802362467975456 0 0.1039545848471 -0.994549110601296 0.0068013081570382 0 0.00150509806424419 -0.00668110477481999 -0.999976548484416 0 0.664537538713467 0.14063117182018 0.414621443286793 1 0 
-0.00936418518515669 -0.00621231614889028 0.00505205691553323 0.000355492592329876 -0.00024967153704121 -0.00717099403830572 0.994569421168891 0.103979875115219 0.000773917313532464 0 0.103972261670701 -0.994547242413863 0.00680428624240927 0 0.00147723460510777 -0.0066869978415764 -0.999976550643958 0 0.664532502297608 0.140636849124879 0.414607339767968 1 0 
-0.00976737037039488 -0.00647979418225142 0.00526957872482026 0.000372241865537042 -0.000261434979870071 -0.00750886025804139 0.994569672850058 0.103977679221361 0.000744964345696592 0 0.103970251051289 -0.994547412794868 0.00681010283140602 0 0.00144902894860288 -0.00669579652989244 -0.999976533036619 0 0.664529734654541 0.140634527050883 0.414590067920079 1 0 
-0.0101763333333338 -0.0067511052647129 0.00549021769380431 0.000389347904861249 -0.00027344898866494 -0.00785392316134681 0.994570200078771 0.103972839353995 0.000716025942194787 0 0.103965601090932 -0.994547879552145 0.00681292663558998 0 0.00142050875832235 -0.00670162076657043 -0.99997653494168 0 0.664525746475191 0.140633148015036 0.41457585091063 1 0 
-0.010590896296292 -0.00702613145636688 0.00571387791009625 0.000406808755419665 -0.000285712190461622 -0.00820614331433935 0.994569131236448 0.103983245427518 0.000689030583697721 0 0.10397617966214 -0.9945467332535 0.00681882239580763 0 0.00139434324426647 -0.00671027669211086 -0.999976513721014 0 0.664518744120584 0.140637367246843 0.414565207726732 1 0 
-0.0110108814814769 -0.00730475481725001 0.0059404634610849 0.000424622462329462 -0.00029822321229592 -0.00856548128313659 0.994567535766416 0.103998684905567 0.000661240228505634 0 0.103991798132623 -0.994545064251041 0.00682407475379251 0 0.00136735433144429 -0.00671836900082746 -0.999976496653847 0 0.664513178738249 0.14064111094648 0.414551708431646 1 0 
-0.0114361111110961 -0.00758685740737119 0.00616987843399253 0.000442787070707796 -0.000310980681203632 -0.0089318976338557 0.99456720532597 0.104002047331339 0.000628603362689932 0 0.103995374809842 -0.994544664584754 0.0068278155634625 0 0.00133530662669461 -0.00672547908743769 -0.999976492167319 0 0.664509658264054 0.140641173933338 0.414536587930554 1 0 
-0.0118664074074681 -0.00787232128682258 0.00640202691642999 0.00046130062567184 -0.000323983224220566 -0.00930535293261426 0.994567819341461 0.103996341430215 0.000600500382269105 0 0.103989851383423 -0.994545206930385 0.00683294096706838 0 0.0013078508189103 -0.00673350689267169 -0.999976474428855 0 0.664503449173331 0.140640996473261 0.414524719560194 1 0 
-0.0123015925925785 -0.00816102851544653 0.00663681299556407 0.000480161172338766 -0.000337229468382521 -0.00968580774552972 0.994567009465936 0.104004306364176 0.000561106851793296 0 0.103998077174848 -0.994544323526045 0.00683632849302649 0 0.00126907767101531 -0.00674096253577766 -0.999976474156245 0 0.66449834665437 0.140641802117519 0.414505047900071 1 0 
-0.0127414888888566 -0.00845286115341848 0.00687414075889459 0.000499366755825728 -0.0003507180407253 -0.0100732226387194 0.994566003783454 0.104014051652699 0.000536729176109632 0 0.10400797898127 -0.994543245979387 0.00684244738557982 0 0.00124553503322351 -0.00674957138567191 -0.999976445686893 0 0.664494299805766 0.140642233822999 0.414493401322178 1 0 
-0.0131859185185101 -0.00874770126080282 0.00711391429392139 0.000518915421249909 -0.000364447568284711 -0.0104675581783009 0.994565988059211 0.104014304323591 0.000516520176137093 0 0.104008361716158 -0.994543170277315 0.00684763090985541 0 0.00122597678269305 -0.00675682847429791 -0.99997642084696 0 0.664490328438435 0.140641457972116 0.414482959453199 1 0 
-0.0136347037037465 -0.00904543089755294 0.00735603768786675 0.000538805213728457 -0.000378416678096546 -0.0108687749303914 0.994567030766968 0.104004445934548 0.000493394805515751 0 0.103998654657519 -0.994544155742686 0.00685193466856751 0 0.00120335775744932 -0.00676352614117481 -0.999976403043714 0 0.664485778744758 0.140642367713861 0.414472122992588 1 0 
-0.0140876666666623 -0.00934593212362222 0.00760041502811948 0.000559034178378558 -0.000392623997196619 -0.0112768334611085 0.994566639837175 0.104008319890203 0.00046391574305253 0 0.104002721217027 -0.994543690972576 0.00685766923287623 0 0.0011746617465486 -0.00677229093395004 -0.99997637784364 0 0.664482048122745 0.140637679319576 0.414456401983319 1 0 
-0.0145446296296869 -0.0096490869991861 0.00784695040217942 0.000579600360317369 -0.000407068152620728 -0.0116916943365697 0.994566116337796 0.104013451655458 0.000434751285376764 0 0.104008045253449 -0.994543103118969 0.00686217620419989 0 0.00114615959243423 -0.0067798008378486 -0.99997636002997 0 0.664477901429586 0.140637819464249 0.414440025791561 1 0 
-0.015005414814806 -0.00995477758414243 0.00809554789737987 0.000600501804662053 -0.000421747771404673 -0.0121133181228921 0.994566292296585 0.104011834519266 0.00041881806254418 0 0.104006529128405 -0.99454321854669 0.00686842359364693 0 0.00113095177646505 -0.00678767345818196 -0.999976323938274 0 0.664474544405226 0.140634517186591 0.414432964906853 1 0 
-0.015469844444449 -0.0102628859385834 0.00834611160099863 0.000621736556529786 -0.000436661480584258 -0.0125416653861935 0.994567614451539 0.10399930781071 0.000388793360202503 0 0.103994196577045 -0.994544445568104 0.00687748276161294 0 0.00110194693944426 -0.00679982028813197 -0.99997627379703 0 0.664471622116379 0.140626985214055 0.41441706024127 1 0 
-0.0159377407407124 -0.0105732941225178 0.00859854560070206 0.000643302661037729 -0.000451807907195292 -0.0129766966925912 0.994567636676703 0.103999172094743 0.000367668511157667 0 0.10399419687914 -0.994544396566159 0.0068845606632 0 0.00108167209231407 -0.00680905693226645 -0.999976233082156 0 0.664467464840697 0.140625285712941 0.41440549420134 1 0 
-0.0164089259259148 -0.0108858841960102 0.0088527539835459 0.000665198163303052 -0.000467185678273569 -0.0134183726082024 0.994567838976956 0.103997333053322 0.000339546334548274 0 0.10399254659751 -0.994544550665058 0.00688722700440094 0 0.00105396748945394 -0.00681463539314168 -0.999976224665862 0 0.664463593456206 0.140619179575448 0.414392916874024 1 0 
-0.0168832222222637 -0.0112005382190694 0.00910864083725205 0.000687421108442921 -0.000482793420854897 -0.0138666536991449 0.994569050277091 0.103985836251935 0.000311433975046161 0 0.103981232634945 -0.994545672541892 0.00689604155458493 0 0.00102684573000857 -0.00682633763915812 -0.99997617306728 0 0.664460166489237 0.140614077732538 0.414378658884755 1 0 
-0.0173604518518555 -0.011517138251621 0.00936611024893175 0.000709969541574501 -0.000498629761975074 -0.0143215005315358 0.994569367563054 0.103982871327974 0.000287187788445995 0 0.103978427010108 -0.994545922204099 0.00690233619212934 0 0.00100336549792943 -0.0068351224041014 -0.999976136894975 0 0.664457184216461 0.140608990136598 0.414366517221782 1 0 
-0.0178404370370089 -0.0118355663538128 0.00962506630602933 0.000732841507814959 -0.000514693328669908 -0.0147828736714928 0.99457003857784 0.103976529632018 0.000257973184350112 0 0.103972280900824 -0.994546534170481 0.00690674127018287 0 0.000974724091203392 -0.00684254761138993 -0.999976114442306 0 0.664456177933377 0.140599393586741 0.414350708574319 1 0 
-0.0183229999999313 -0.0121557045856258 0.00988541309610014 0.000756035052281469 -0.0005309827479752 -0.0152507336851331 0.994570370030439 0.103973424219905 0.000230249236613519 0 0.103969359387669 -0.994546796199735 0.00691298622661441 0 0.000947778737845186 -0.00685164431917398 -0.999976078056664 0 0.664451028591941 0.140595246773716 0.414338182079807 1 0 
-0.0188079629630522 -0.0124774350071799 0.010147054706422 0.000779548220091177 -0.000547496646926745 -0.0157250411385741 0.994573012676431 0.103948165529358 0.000219636102237364 0 0.103944162846669 -0.9945493470174 0.00692490134062698 0 0.000938287797839226 -0.0068646222633071 -0.999975998000547 0 0.664448993843617 0.140584579642809 0.414333304736858 1 0 
-0.0192951481481352 -0.0128006396782898 0.0104098952243281 0.000803379056361283 -0.000564233652560363 -0.0162057565979336 0.994574303171056 0.103935871761762 0.000192182569226514 0 0.103932052847186 -0.994550574214678 0.00693041278943998 0 0.000911471328165111 -0.00687296886775251 -0.999975965470651 0 0.664447037505927 0.140576307198959 0.414318845824931 1 0 
-0.0197843777777207 -0.0131252006591309 0.0106738387372074 0.000827525606208934 -0.000581192391911845 -0.0166928406293288 0.994574009104099 0.103938726159283 0.000168879227931465 0 0.103935065483437 -0.994550244601968 0.00693253390383668 0 0.00088853472751512 -0.00687749797752308 -0.999975954974722 0 0.664442502031008 0.140575198613031 0.414308232237823 1 0 
-0.0202754740741273 -0.0134510000097676 0.0109387893326707 0.00085198591475129 -0.00059837149201699 -0.017186253798877 0.99457532423945 0.103926173473558 0.00014758842795956 0 0.10392265591132 -0.994551512143947 0.00693672701878422 0 0.000867708495772418 -0.00688389227871065 -0.99997592926483 0 0.664440208539111 0.140565451163284 0.414298703151978 1 0 
-0.0207682592592295 -0.0137779197900978 0.0112046510977737 0.000876758027105529 -0.000615769579911606 -0.0176859566726955 0.994577179158186 0.10390844896233 0.000125830033039929 0 0.103905073488455 -0.994553282062453 0.00694634748404945 0 0.000846945171681911 -0.00689573707161549 -0.99997586545582 0 0.664438485002235 0.140555494868513 0.414286814693955 1 0 
-0.0212625555555679 -0.0141058420602136 0.0114713281201828 0.000901839988388823 -0.000633385282631503 -0.0181919098169023 0.994577626887111 0.103904187030886 0.000104471344629962 0 0.103900953330849 -0.994553664824628 0.0069531706472755 0 0.000826381812473754 -0.00690474622716682 -0.999975820493995 0 0.664436603866205 0.1405493432284 0.414276284568067 1 0 
-0.0217581851851278 -0.0144346488801239 0.0117387244871203 0.000927229843718324 -0.000651217227212468 -0.0187040737976143 0.99457842068462 0.103896604231234 8.7400879464081e-05 0 0.103893487408485 -0.994554434499769 0.00695463817582929 0 0.000809503807832544 -0.00690798567130979 -0.999975811926244 0 0.664434843542745 0.140543252324207 0.414268062493782 1 0 
-0.02225497037045 -0.0147642223099764 0.0120067442860305 0.000952925638211205 -0.000669264040690313 -0.0192224091809491 0.994579438069491 0.103886886216331 5.60611982544265e-05 0 0.103883983807914 -0.994555405969515 0.00695767678306401 0 0.000778582334203879 -0.00691427152570998 -0.99997579303642 0 0.664432105492706 0.14053457668981 0.41425333061263 1 0 
-0.0227527333332977 -0.0150944444095302 0.0122752916043023 0.000978925416984643 -0.000687524350100844 -0.0197468765330243 0.994580426214805 0.103877431853108 4.2932366943736e-05 0 0.103874614099545 -0.994556326499234 0.0069659792726498 0 0.000766321448402878 -0.00692390035748448 -0.999975735883265 0 0.664429552524397 0.14053081982161 0.414246309614916 1 0 
-0.0232512962963227 -0.0154251972390995 0.0125442705293799 0.00100522722515578 -0.00070599678247985 -0.0202774364199568 0.994582071169558 0.103861686519322 2.61274069410853e-05 0 0.103858982309212 -0.994557929022648 0.00697025918341329 0 0.000749942532721775 -0.00692991467166435 -0.999975706639337 0 0.664429245725579 0.140518342686909 0.414237557427215 1 0 
-0.0237504814815104 -0.0157563628584989 0.0128135851484856 0.00103182910784182 -0.000724679964863161 -0.0208140494078649 0.994581885274751 0.103863469748829 6.02204660443179e-06 0 0.103860900350115 -0.994557685571679 0.00697641383349463 0 0.000730597886156971 -0.00693812294815819 -0.999975664042223 0 0.664426543543607 0.140513492607841 0.414228011660776 1 0 
-0.0242501111110682 -0.0160878233278205 0.0130831395491748 0.0010587291101599 -0.000743572524286544 -0.021356676062865 0.994583321453337 0.103849714129713 -2.15228464124899e-05 0 0.103847333079532 -0.994559071015531 0.00698087202301687 0 0.000703569367723368 -0.00694542769449857 -0.999975632715261 0 0.664422804005924 0.140504271311635 0.414215185663823 1 0 
-0.0247500074074258 -0.0164194607071566 0.0133528378188363 0.00108592527722719 -0.000762673087785822 -0.0219052769510753 0.994585851636158 0.10382547694551 -3.103908418095e-05 0 0.103823156466954 -0.994561533245536 0.00698968316412706 0 0.00069485028708112 -0.00695519646723845 -0.9999755709142 0 0.664422713261351 0.14049358494547 0.414209134757536 1 0 
-0.0252499925925687 -0.0167511570564605 0.0136225840447479 0.00111341565416086 -0.000781980282396799 -0.0224598126386128 0.994586813058902 0.103816258788052 -5.1007807652649e-05 0 0.103814074585438 -0.994562451524603 0.00699391425094266 0 0.000675364564452016 -0.00696148424414428 -0.999975540510778 0 0.664419903157045 0.140487744547236 0.414199673780661 1 0 
-0.0257498888889263 -0.0170827944357965 0.0138922823143539 0.0011411982860781 -0.000801492735155274 -0.0230202436915953 0.994587669156199 0.103808048275631 -6.61577707313848e-05 0 0.103805963326694 -0.994563229725134 0.00700363889243955 0 0.000661248729208509 -0.00697273469951548 -0.999975471559642 0 0.664417767984414 0.14047683793041 0.414194240328297 1 0 
-0.0262495185184841 -0.0174142549051182 0.0141618367149876 0.00116927121809604 -0.000821209073097052 -0.02358653067614 0.994588822801673 0.103796983784378 -8.13416039994016e-05 0 0.103795000501258 -0.994564324945894 0.00701058607179028 0 0.000646790684065848 -0.00698122781038831 -0.99997542175799 0 0.664415028955131 0.140471453918487 0.414186873155086 1 0 
-0.0267487037036718 -0.0177454205245453 0.0144311513342044 0.00119763249533187 -0.000841127923257932 -0.0241586341583643 0.994590555625809 0.103780367031229 -9.47629465852257e-05 0 0.103778472735506 -0.994565992604989 0.00701867876079275 0 0.000634165263483081 -0.00699068055458778 -0.99997536380643 0 0.664413541967469 0.140461981841151 0.414181392630252 1 0 
-0.0272472666666967 -0.0180761733540868 0.014700130259282 0.00122628016290274 -0.000861247912673704 -0.0247365147043854 0.994590569176387 0.103780217054326 -0.000114694180460596 0 0.103778460999014 -0.994565981001544 0.00702049630152529 0 0.000614529531494144 -0.0069945568648628 -0.999975348960023 0 0.664410432894647 0.140458525491083 0.414173543416667 1 0 
-0.0277450296296555 -0.0184063954537239 0.0149686775774982 0.00125521226592584 -0.000881567668380205 -0.0253201328803213 0.994591857769611 0.103767860074744 -0.000120727424173728 0 0.103766143715319 -0.994567233563733 0.00702511501993951 0 0.000608921335744951 -0.00699978438551434 -0.999975315812027 0 0.66440784372007 0.140450373063876 0.414173293972144 1 0 
-0.0282418148147556 -0.0187359688834376 0.0152366973764084 0.00128442684951831 -0.000902085817413203 -0.0259094492522891 0.994593369449296 0.103753349657885 -0.000137052812284492 0 0.10375174379894 -0.994568686420451 0.00703210863013869 0 0.000593307813064954 -0.007008443019296 -0.999975264550221 0 0.664407307470023 0.140442049648135 0.414165723387644 1 0 
-0.0287374444444266 -0.0190647757033757 0.0155040937434014 0.00131392195879734 -0.000922800986808526 -0.0265044243864061 0.994594106781069 0.103746257157991 -0.000154218297968455 0 0.103744769814545 -0.994569389625166 0.00703554247799194 0 0.000576541500898687 -0.00701364346281307 -0.999975237896056 0 0.664402582855464 0.140441161224155 0.414160138343545 1 0 
-0.029231740740765 -0.019392697973547 0.0157707707657551 0.00134369563888009 -0.000943711803601955 -0.0271050188487901 0.99459492893957 0.103738363881225 -0.000161518255736492 0 0.103736925976819 -0.994570183448864 0.0070389832065083 0 0.000569582326217157 -0.00701782752434983 -0.999975212529197 0 0.664401807837111 0.140429280591081 0.414156508537655 1 0 
-0.0297245259259782 -0.0197196177539327 0.0160366325309136 0.00137374593488373 -0.000964816894829314 -0.027711193205558 0.994596566194245 0.10372264765011 -0.000172569629062522 0 0.103721285098417 -0.994571781757426 0.00704363901686504 0 0.000558962766232271 -0.00702361354970666 -0.999975177898597 0 0.664402182060973 0.140419902921366 0.414150158847594 1 0 
-0.0302156222221628 -0.0200454171044306 0.0163015831262658 0.0014040708919254 -0.000986114887526379 -0.0283229080228276 0.994599470292186 0.103694779415287 -0.00018253144171458 0 0.103693483800074 -0.994574632553562 0.00705043257957484 0 0.000549562490329492 -0.00703141920667898 -0.999975128253203 0 0.664402199579726 0.140410414219959 0.414144633116418 1 0 
-0.0307048518518593 -0.0203699780853273 0.0165655266392561 0.00143466855512231 -0.00100760440872898 -0.0289401238667166 0.994601301465453 0.10367719828236 -0.000191260960812817 0 0.103675961883699 -0.994576425040861 0.00705525206066487 0 0.000541255545017003 -0.0070371275322987 -0.999975092629076 0 0.664401547060167 0.140401971629773 0.414139614513023 1 0 
-0.0311920370370533 -0.0206931827564927 0.0168283671571623 0.00146553696959159 -0.00102928408547291 -0.0295628013033414 0.994601822988974 0.103672179988937 -0.000199260030465889 0 0.103670995720764 -0.994576885669217 0.00706328818579239 0 0.000534097346601054 -0.00704595244806988 -0.99997503433542 0 0.664400430804096 0.140392724073906 0.414135615506351 1 0 
-0.0316770000000632 -0.0210149131780191 0.0170900087674286 0.00149667418045044 -0.00105115254479397 -0.0301909008988209 0.994603645691444 0.10365466998278 -0.000210402611002047 0 0.103653560651588 -0.994578648314094 0.00707096762582103 0 0.000523686953857821 -0.0070547549849032 -0.999974977778983 0 0.664398827245538 0.140382708757358 0.414131907068654 1 0 
-0.0321595629628746 -0.021335051409721 0.0173503555574439 0.00152807823281599 -0.00107320841372795 -0.0308243832192709 0.994606791705758 0.103624469054493 -0.000214958510770026 0 0.103623392510907 -0.994581790379335 0.00707118600909256 0 0.00051896406694532 -0.00705546019966547 -0.999974975265715 0 0.664399009065392 0.140372602146001 0.414130202555919 1 0 
-0.032639548148139 -0.021653479511996 0.017609311614597 0.00155974717180545 -0.00109545031931069 -0.0314632088308105 0.994609269712355 0.103600667707304 -0.000221707159045298 0 0.103599634560698 -0.994584198504002 0.00708058657529951 0 0.000513056937814697 -0.00706552185664062 -0.999974907271914 0 0.664399362831715 0.140358689351728 0.414128950333986 1 0 
-0.0331167777778418 -0.0219700795446309 0.0178667810263877 0.00159167904253593 -0.00111787688857794 -0.0321073382995554 0.994610661949149 0.103587268914581 -0.000236129417396554 0 0.103586332018503 -0.994585498443095 0.00709260226295631 0 0.000499862027511569 -0.00707897390411469 -0.999974818816163 0 0.664396737296644 0.140349642112522 0.414123345383811 1 0 
-0.0335910740740797 -0.0222847335676346 0.0181226678799828 0.00162387189012465 -0.00114048674856554 -0.0327567321916247 0.994613449649137 0.103560514350813 -0.000229228372339154 0 0.103559525245748 -0.99458823320649 0.00710056330696424 0 0.000507359914654698 -0.007086190977739 -0.999974763923242 0 0.664395530528321 0.140337395093813 0.414130366580211 1 0 
-0.0340622592592821 -0.0225973236410992 0.0183768762628822 0.00165632375968878 -0.0011632785263093 -0.0334113510731347 0.994616189284374 0.103534195250468 -0.000230929595005634 0 0.103533215319085 -0.994590922212391 0.00710757902557514 0 0.000506206741777627 -0.00709335861807256 -0.999974713689426 0 0.664396880744037 0.140324443083719 0.414129546692626 1 0 
-0.0345301555555455 -0.0229077318250337 0.0186293102624746 0.00168903269634542 -0.00118625084884499 -0.0340711555102031 0.994618750944744 0.103509553336496 -0.000244004926775529 0 0.103508663521806 -0.99459343032484 0.00711419930876827 0 0.000493711401133886 -0.00710130937653326 -0.999974663506127 0 0.66439512151624 0.140313201164204 0.414124570395731 1 0 
-0.0349945851851885 -0.0232158401794746 0.0188798739662044 0.0017219967452118 -0.00120940234320843 -0.0347361060689475 0.994620848556718 0.103489387002619 -0.000247578965236375 0 0.103488521682379 -0.994595505873369 0.00711705540944853 0 0.000490308215367125 -0.00710453005590188 -0.999974642303763 0 0.66439507740365 0.140302402329209 0.414124011886026 1 0 
-0.0354553703703075 -0.023521530764431 0.0191284714613493 0.00175521395140507 -0.00123273163643542 -0.035406163315485 0.994623118479922 0.103467579483561 -0.000243068500606652 0 0.103466677674563 -0.994597706203043 0.00712715425973122 0 0.000495683570151434 -0.00711411885473955 -0.999974571482055 0 0.664395571938327 0.140290818339643 0.414126258141955 1 0 
-0.0359123333333322 -0.0238246856399948 0.0193750068354093 0.0017886823600424 -0.00125623735556177 -0.0360812878159333 0.994626422877904 0.103435802233882 -0.000246232706015922 0 0.103434921761261 -0.994600980304498 0.00713118775393909 0 0.000492726321931293 -0.00711847387993386 -0.99997454195114 0 0.6643937605315 0.140283600588462 0.414127402669489 1 0 
-0.036365296296359 -0.0241251868661474 0.019619384175773 0.00182240001624094 -0.00127991812762328 -0.0367614401364101 0.994628249098994 0.103418209597218 -0.000258687422484358 0 0.103417415716578 -0.994602763026928 0.00713644217468629 0 0.000480756103481592 -0.00712499694798632 -0.999974501320939 0 0.664392365385867 0.140275117411436 0.4141221162126 1 0 
-0.0368140814814844 -0.024422916502842 0.0198615075696074 0.00185636496511785 -0.00130377257965573 -0.0374465808430321 0.994629238112884 0.103408722019158 -0.000248601199163922 0 0.103407853575346 -0.994603714155936 0.00714244407509366 0 0.000491340797699628 -0.00712992829828997 -0.999974461027222 0 0.664391615948972 0.140268478247147 0.414128299407377 1 0 
-0.0372585111110268 -0.0247177566101153 0.0201012811045786 0.00189057525179036 -0.00132779933869497 -0.0381366705019173 0.994632552482363 0.103376841945038 -0.000246967810341813 0 0.103375960992812 -0.994607004984998 0.007145853678376 0 0.000493089365598371 -0.00713316655407735 -0.999974437072163 0 0.664392268222598 0.140259658462615 0.414128001965406 1 0 
-0.037698407407416 -0.0250095892481705 0.0203386088679647 0.00192502892137555 -0.00135199703177676 -0.038831669679183 0.994634904042362 0.103354189531549 -0.000257037209339216 0 0.103353377634651 -0.99460930200765 0.0071528031269285 0 0.000483629882065423 -0.00714113080444631 -0.999974384848417 0 0.664390083601148 0.140250873589645 0.41412552046195 1 0 
-0.0381335925926374 -0.0252982964768778 0.0205733949472098 0.00195972401899066 -0.00137636428593691 -0.0395315389409463 0.994638471168061 0.103319845434833 -0.000260984660855741 0 0.103319059087009 -0.994612814713197 0.00716014936119535 0 0.000480216082806057 -0.00714886234130296 -0.999974331250427 0 0.664390379275009 0.140234358256967 0.414126065141822 1 0 
-0.0385638888888984 -0.0255837603562459 0.0208055434295362 0.0019946585897528 -0.00140089972821124 -0.0402362388533251 0.994640861838794 0.10329683987207 -0.000256386882673605 0 0.103296018831442 -0.99461517191785 0.00716513681710006 0 0.000485139047499533 -0.00715335932754788 -0.999974296714888 0 0.664389172768338 0.140225436686111 0.414130550232351 1 0 
-0.0389891185185176 -0.0258658629463948 0.0210349584024994 0.00202983067877918 -0.00142560198563555 -0.0409457299824366 0.9946441686183 0.103265023069298 -0.00024442855024379 0 0.103264113815605 -0.994618434169083 0.00717217610818023 0 0.000497531368379121 -0.00715914167559906 -0.999974249244952 0 0.664388800666643 0.140214089971215 0.414140200026937 1 0 
-0.0394091037037025 -0.0261444863072502 0.0212615439534325 0.00206523833118694 -0.00145046968524562 -0.0416599728943982 0.994647167907386 0.103236126983678 -0.000245683608569416 0 0.10323522305787 -0.994621369255788 0.0071810473568406 0 0.000496990918262936 -0.00716810962654542 -0.999974185269004 0 0.664388915894211 0.140201154084201 0.414139674138238 1 0 
-0.0398236666666607 -0.0264195124989042 0.0214852041697244 0.00210087959209326 -0.00147550145407729 -0.0423789281553274 0.994650275439994 0.103206180850865 -0.000246378836946115 0 0.103205278986262 -0.994624422980435 0.00718849785511105 0 0.000496852567100069 -0.0071756071208621 -0.999974131565399 0 0.664388541434204 0.140187043074889 0.414142501745179 1 0 
-0.0402326296295996 -0.0266908235813934 0.021705843138764 0.00213675250661532 -0.00150069591916633 -0.043102556331342 0.994652315673592 0.103186518869116 -0.000245255056453895 0 0.103185605288319 -0.994626403761418 0.00719685369593653 0 0.000498690726230902 -0.00718381229632537 -0.999974071738088 0 0.664387095163006 0.140176852559934 0.414144970967293 1 0 
-0.0406358148148378 -0.0269583016147268 0.0219233649479955 0.00217285511987022 -0.00152605170754853 -0.0438308179885579 0.994656295211387 0.103148165718869 -0.000239178592608447 0 0.103147205438492 -0.994630328680018 0.00720487205412639 0 0.000505284782740754 -0.00719118040076435 -0.999974015468268 0 0.664386367810767 0.140166530710752 0.414151125960719 1 0 
-0.0410330444444718 -0.0272218286589132 0.0221376736846968 0.00220918547697524 -0.00155156744625975 -0.0445636736930946 0.994659762242914 0.103114718458954 -0.000243132081254516 0 0.103113783250912 -0.994633732973368 0.00721330966717544 0 0.000501980690588109 -0.00719999776953343 -0.999973953684547 0 0.664383807657576 0.140154420542046 0.414153005163622 1 0 
