0.994579150667885 0.103878537754712 0.00151965519136012 0 0.103866144283265 -0.994558870173738 0.00672493358145202 0 0.00221000536656334 -0.00653076374181139 -0.99997623221816 0 0.664634706529517 0.140619735521793 0.41500259082555 1 
0.994579150667885 0.103878537754712 0.00151965519136012 0 0.103866144283265 -0.994558870173738 0.00672493358145202 0 0.00221000536656334 -0.00653076374181139 -0.99997623221816 0 0.664634706529517 0.140619735521793 0.41500259082555 1 
0.994579150667885 0.103878537754712 0.00151965519136012 0 0.103866144283265 -0.994558870173738 0.00672493358145202 0 0.00221000536656334 -0.00653076374181139 -0.99997623221816 0 0.664634706529517 0.140619735521793 0.41500259082555 1 
0.994579151740066 0.103878527483165 0.00151965560213513 0 0.103866134010288 -0.99455887124978 0.00672493310964713 0 0.00221000565865825 -0.00653076325271078 -0.999976232220709 0 0.664634691085072 0.140619725275758 0.415002599157959 1 
0.994579154646128 0.103878499642944 0.00151965671550858 0 0.10386610616619 -0.994558874166307 0.00672493183085694 0 0.00221000645035862 -0.00653076192704193 -0.999976232227617 0 0.664634649344332 0.140619697584435 0.41500262167744 1 
0.994579160297039 0.103878445506911 0.00151965888049208 0 0.103866052022616 -0.994558879837568 0.0067249293442161 0 0.00221000798984068 -0.00653075934924449 -0.99997623224105 0 0.664634568418406 0.140619643897176 0.41500266533766 1 
0.994579169599669 0.10387835638715 0.00151966244452847 0 0.103865962890444 -0.994558889173699 0.00672492525066077 0 0.00221001052416538 -0.00653075510562588 -0.999976232263164 0 0.664634435596184 0.140619555781272 0.41500273699637 1 
0.994579183456788 0.10387822363497 0.00151966775349172 0 0.103865830119776 -0.99455890308072 0.0067249191529285 0 0.00221001429927862 -0.00653074878436141 -0.999976232296104 0 0.664634238344332 0.140619424921957 0.415002843415408 1 
0.99457920276706 0.103878038640901 0.00151967515168675 0 0.103865645099943 -0.994558922460533 0.0067249106555581 0 0.00221001956001133 -0.00653073997549434 -0.999976232342007 0 0.664633964307295 0.140619243122401 0.415002991260702 1 
0.994579228425045 0.103877792834694 0.00151968498184927 0 0.103865399259503 -0.994558948210917 0.00672489936488947 0 0.00221002655007972 -0.006530728270936 -0.999976232403 0 0.664633601307295 0.140619002303716 0.415003187102264 1 
0.994579261321185 0.103877477685322 0.00151969758514555 0 0.10386508406624 -0.994558981225523 0.0067248848890634 0 0.00221003551208545 -0.00653071326446595 -0.999976232481199 0 0.664633137344332 0.140618694504954 0.415003437414198 1 
0.994579302341807 0.103877084700977 0.00151971330117213 0 0.103864691027166 -0.99455902239387 0.00672486683802136 0 0.00221004668751598 -0.00653069455173212 -0.99997623257871 0 0.664632560596184 0.140618311883106 0.41500374857469 1 
0.994579352369114 0.103876605429073 0.00151973246795559 0 0.103864211688516 -0.994559072601337 0.00672484482350524 0 0.00221006031674479 -0.006530671730251 -0.999976232697631 0 0.664631859418406 0.140617846713105 0.415004126866017 1 
0.994579412281175 0.103876031456241 0.00151975542195221 0 0.103863637635752 -0.994559132729156 0.0067248184590571 0 0.00221007663903174 -0.0065306443994078 -0.99997623284005 0 0.664631022344332 0.140617291387822 0.415004578474542 1 
0.994579482951921 0.103875354408333 0.00151978249804758 0 0.103862960493557 -0.994559203654405 0.00672478736001881 0 0.00221009589252342 -0.00653061216045672 -0.999976233008042 0 0.664630038085072 0.140616638418069 0.415005109490717 1 
0.994579565251135 0.103874565950415 0.00151981402955631 0 0.10386217192584 -0.994559286250002 0.00672475114353181 0 0.00221011831425356 -0.00653057461652114 -0.999976233203677 0 0.664628895529517 0.140615880432597 0.415005725909079 1 
0.994579660044445 0.103873657786773 0.00151985034822155 0 0.103861263635731 -0.994559381384691 0.00672470942853667 0 0.00221014414014344 -0.00653053137259388 -0.99997623342901 0 0.664627583744332 0.140615010178097 0.415006433628255 1 
0.994579768193312 0.103872621660906 0.00151989178421459 0 0.10386022736558 -0.994559489923037 0.00672466183577275 0 0.00221017360500232 -0.00653048203553748 -0.99997623368609 0 0.664626091973961 0.140614020519202 0.415007238450956 1 
0.994579890555023 0.103871449355528 0.00151993866613437 0 0.10385905489696 -0.994559612725416 0.00672460798777781 0 0.00221020694252796 -0.0065304262140845 -0.999976233976954 0 0.664624409640628 0.140612904438483 0.415008146083984 1 
0.994580027982676 0.103870132692567 0.00151999132100702 0 0.10385773805066 -0.994559750647999 0.00672454750888755 0 0.00221024438530711 -0.00653036351883779 -0.99997623430363 0 0.664622526344332 0.140611655036452 0.415009162138225 1 
0.994580181325173 0.103868663533163 0.00152005007428532 0 0.10385626868669 -0.994559904542746 0.00672448002523518 0 0.00221028616481604 -0.00653029356227082 -0.999976234668134 0 0.66462043186285 0.140610265531559 0.415010292128656 1 
0.994580351427206 0.103867033777666 0.00152011524984816 0 0.103854638704273 -0.994560075257394 0.00672440516475091 0 0.00221033251142112 -0.00653021595872805 -0.999976235072474 0 0.664618116151739 0.140608729260197 0.415011541474339 1 
0.994580539129244 0.103865235365636 0.00152018716999996 0 0.103852840041849 -0.994560263635441 0.00672432255716152 0 0.0022103836543794 -0.00653013032442524 -0.999976235518647 0 0.664615569344332 0.140607039676696 0.415012915498423 1 
0.994580745267521 0.103863260275841 0.0015202661554701 0 0.103850864677075 -0.994560470516134 0.00672423183398976 0 0.00221043982183926 -0.00653003627744985 -0.99997623600864 0 0.664612781751739 0.140605190353329 0.415014419428147 1 
0.994580970674023 0.103861100526256 0.00152035252541225 0 0.103848704626815 -0.99456069673446 0.00672413262855387 0 0.00221050124084101 -0.00652993343776141 -0.99997623654443 0 0.66460974386285 0.140603174980306 0.415016058394834 1 
0.994581216176472 0.10385874817406 0.00152044659740376 0 0.103846351947149 -0.994560943121124 0.00672402457596698 0 0.00221056813731759 -0.00652982142719194 -0.999976237127982 0 0.664606446344332 0.140600987365779 0.415017837433897 1 
0.994581482598312 0.103856195315638 0.00152054868744497 0 0.103843798733364 -0.99456121050254 0.00672390731313653 0 0.00221064073609528 -0.00652969986944633 -0.999976237761253 0 0.664602880040628 0.140598621435839 0.415019761484835 1 
0.994581770758697 0.103853434086575 0.00152065910995853 0 0.103841037119956 -0.994561499700815 0.00672378047876367 0 0.00221071926089439 -0.00652956839010282 -0.999976238446188 0 0.664599035973961 0.140596071234518 0.415021835391235 1 
0.994582081472468 0.103850456661656 0.00152077817778865 0 0.103838059280627 -0.994561811533731 0.00672364371334263 0 0.00221080393433003 -0.00652942661661341 -0.999976239184723 0 0.664594905344332 0.140593330923787 0.415024063900771 1 
0.994582415550146 0.103847255254867 0.00152090620220039 0 0.103834857428285 -0.994562146814733 0.00672349665916008 0 0.00221089497791286 -0.00652927417830431 -0.999976239978781 0 0.664590479529517 0.140590394783557 0.415026451665206 1 
0.994582773797906 0.103843822119388 0.00152104349287889 0 0.10383142381504 -0.994562506352906 0.00672333896029446 0 0.00221099261204989 -0.00652911070637645 -0.999976240830277 0 0.664585750085072 0.140587257211679 0.415029003240387 1 
0.99458315701757 0.103840149547597 0.00152119035792856 0 0.103827750732203 -0.994562890952965 0.00672317026261529 0 0.00221109705604531 -0.00652893583390596 -0.999976241741115 0 0.664580708744332 0.140583912723944 0.415031723086252 1 
0.994583566006578 0.103836229871062 0.00152134710387229 0 0.103823830510286 -0.994563301415232 0.00672299021378248 0 0.0022112085281013 -0.00652874919584462 -0.999976242713187 0 0.664575347418406 0.140580355954084 0.415034615566824 1 
0.994584001557981 0.103832055460545 0.00152151403565063 0 0.103819655518998 -0.994563738535619 0.00672279846324558 0 0.00221132724531892 -0.00652855042902046 -0.999976243748375 0 0.664569658196184 0.14057658165377 0.415037684950214 1 
0.994584464460414 0.103827618725995 0.00152169145662093 0 0.103815218167244 -0.994564203105613 0.00672259466224309 0 0.00221145342369896 -0.00652833917213819 -0.99997624484855 0 0.664563633344332 0.140572584692613 0.415040935408622 1 
0.994584955498082 0.103822912116551 0.00152187966855646 0 0.103810510903121 -0.994564695912252 0.00672237846380165 0 0.00221158727814285 -0.00652811506577981 -0.999976246015573 0 0.664557265307295 0.140568360058164 0.415044371018332 1 
0.994585475450738 0.103817928120535 0.00152207897164556 0 0.103805526213921 -0.994565217738109 0.00672214952273531 0 0.00221172902245358 -0.00652787775240513 -0.999976247251293 0 0.664550546707295 0.140563902855913 0.415047995759719 1 
0.994586025093667 0.103812659265453 0.00152228966449067 0 0.103800256626124 -0.994565769361272 0.00672190749564473 0 0.00221187886933665 -0.00652762687635233 -0.999976248557549 0 0.664543470344332 0.140559208309293 0.415051813517242 1 
0.994586605197659 0.103807098117993 0.00152251204410749 0 0.103794694705397 -0.994566351555321 0.00672165204091634 0 0.00221203703040102 -0.00652736208383854 -0.999976249936168 0 0.664536029196184 0.140554271759675 0.415055828079451 1 
0.994587216528997 0.103801237284019 0.00152274640592394 0 0.103788833056595 -0.994566965089311 0.00672138281872156 0 0.00221220371616009 -0.00652708302296042 -0.999976251388966 0 0.664528216418406 0.140549088666368 0.415060043138981 1 
0.994587859849428 0.103795069408574 0.00152299304377929 0 0.103782664323755 -0.994567610727749 0.00672109949101597 0 0.00221237913603268 -0.00652678934369474 -0.999976252917748 0 0.664520025344332 0.140543654606624 0.415064462292554 1 
0.994588535916148 0.103788587175875 0.00152325224992311 0 0.103776181190095 -0.994568289230573 0.00672080172153842 0 0.00221256349834406 -0.00652648069789905 -0.999976254524308 0 0.664511449485072 0.140537965275634 0.415069089040981 1 
0.994589245481776 0.103781783309312 0.00152352431501434 0 0.103769376378012 -0.994569001353131 0.0067204891758102 0 0.00221275701032698 -0.00652615673931218 -0.999976256210429 0 0.664502482529517 0.14053201648653 0.41507392678916 1 
0.994589989294335 0.103774650571443 0.00152380952812021 0 0.103762242649082 -0.994569747846159 0.00672016152113412 0 0.00221295987812271 -0.00652581712355499 -0.999976257977881 0 0.664493118344332 0.140525804170381 0.415078978846076 1 
0.994590768097227 0.103767181763994 0.00152410817671526 0 0.103754772804054 -0.994570529455755 0.00671981842659368 0 0.00221317230678212 -0.00652546150813091 -0.999976259828425 0 0.664483350973961 0.140519324376199 0.415084248424801 1 
0.994591582629213 0.103759369727857 0.00152442054668032 0 0.103746959682848 -0.994571346923364 0.00671945956305211 0 0.0022133945002667 -0.00652508955242664 -0.999976261763807 0 0.664473174640628 0.140512573270934 0.415089738642494 1 
0.994592433624388 0.103751207343085 0.00152474692230137 0 0.103738796164557 -0.994572200985747 0.00671908460315146 0 0.00221362666144974 -0.00652470091771279 -0.999976263785765 0 0.664462583744332 0.140505547139477 0.415095452520404 1 
0.994593321812159 0.103742687528892 0.00152508758626857 0 0.103730275167438 -0.994573092374961 0.00671869322131171 0 0.00221386899211737 -0.00652429526714451 -0.999976265896022 0 0.66445157286285 0.14049824238466 0.415101392983866 1 
0.994594247917219 0.103733803243651 0.00152544281967511 0 0.103721389648917 -0.994574021818339 0.00671828509372978 0 0.00221412169296971 -0.00652387226576223 -0.999976268096292 0 0.664440136751739 0.140490655527253 0.415107562862299 1 
0.994595212659528 0.103724547484887 0.00152581290201612 0 0.103712132605578 -0.994574990038457 0.00671785989837859 0 0.00221438496362201 -0.00652343158049227 -0.999976270388276 0 0.664428270344332 0.140482783205966 0.415113964889216 1 
0.994596216754282 0.103714913289281 0.00152619811118759 0 0.10370249707317 -0.99457599775312 0.00671741731500611 0 0.00221465900260579 -0.00652297288014757 -0.999976272773662 0 0.664415968751739 0.140474622177451 0.415120601702211 1 
0.994597260911894 0.103704893732663 0.00152659872348521 0 0.103692476126597 -0.994577045675329 0.00671695702513437 0 0.00221494400736998 -0.00652249583542837 -0.999976275254128 0 0.66440322726285 0.140466169316297 0.41512747584297 1 
0.994598345837968 0.103694481930008 0.00152701501360327 0 0.103682062879918 -0.994578134513264 0.00671647871205846 0 0.00221524017428216 -0.00652200011892291 -0.999976277831338 0 0.664390041344332 0.140457421615036 0.415134589757264 1 
0.994599472233274 0.10368367103544 0.00152744725463348 0 0.103671250486346 -0.994579264970251 0.00671598206084559 0 0.00221554769862967 -0.00652148540510816 -0.999976280506945 0 0.664376406640628 0.140448376184139 0.415141945794952 1 
0.994600640793719 0.103672454242221 0.00152789571806385 0 0.103660032138244 -0.994580437744743 0.00671546675833401 0 0.00221586677462085 -0.00652095137035052 -0.999976283282589 0 0.664362318973961 0.140439030252015 0.41514954620998 1 
0.994601852210329 0.103660824782756 0.00152836067377748 0 0.103648401067122 -0.994581653530292 0.00671493249313206 0 0.00221619759538625 -0.00652039769290652 -0.999976286159899 0 0.664347774344332 0.140429381165016 0.415157393160382 1 
0.994603107169217 0.103648775928586 0.0015288423900514 0 0.103636350543634 -0.994582913015524 0.00671437895561708 0 0.00221654035297982 -0.00651982405292363 -0.999976289140488 0 0.664332768929517 0.140419426387432 0.41516548870828 1 
0.994604406351558 0.103636300990384 0.0015293411335554 0 0.103623873877578 -0.994584216884112 0.00671380583793445 0 0.00221689523838019 -0.00651923013244089 -0.999976292225961 0 0.664317299085072 0.140409163501493 0.415173834819881 1 
0.994605750433568 0.103623393317958 0.0015298571693508 0 0.103610964417891 -0.994585565814751 0.0067132128339965 0 0.00221726244149186 -0.00651861561538974 -0.999976295417908 0 0.664301361344332 0.140398590207371 0.415182433365482 1 
0.994607140086471 0.103610046300241 0.00153039076088926 0 0.103597615552647 -0.994586960481131 0.00671259963948149 0 0.00221764215114645 -0.00651798018759472 -0.999976298717906 0 0.664284952418406 0.140387704323175 0.415191286119465 1 
0.994608575976476 0.103596253365295 0.00153094217001155 0 0.103583820709055 -0.99458840155191 0.00671196595183252 0 0.00221803455510401 -0.00651732353677426 -0.99997630212752 0 0.664268069196184 0.140376503784956 0.415200394760302 1 
0.994610058764751 0.103582007980302 0.00153151165694636 0 0.103569573353454 -0.994589889690691 0.00671131147025653 0 0.00221843984005422 -0.0065166453525414 -0.999976305648301 0 0.664250708744332 0.140364986646704 0.415209760870551 1 
0.994611589107393 0.103567303651569 0.00153209948030901 0 0.103554866991314 -0.994591425555989 0.00671063589572315 0 0.0022188581916177 -0.00651594532640457 -0.999976309281789 0 0.664232868307295 0.14035315108035 0.415219385936857 1 
0.994613167655406 0.103552133924516 0.00153270589710027 0 0.10353969516723 -0.994593009801209 0.0067099389309637 0 0.00221928979434728 -0.00651522315176836 -0.999976313029509 0 0.664214545307295 0.140340995375765 0.415229271349953 1 
0.994614795054667 0.10353649238368 0.00153333116270508 0 0.10352405146492 -0.994594643074617 0.00670922028047006 0 0.0022197348317293 -0.00651447852393431 -0.999976316892974 0 0.664195737344332 0.140328517940757 0.41523941840466 1 
0.994616471945907 0.10352037265271 0.0015339755308913 0 0.103507929507225 -0.994596326019312 0.00670847965049362 0 0.00222019348618488 -0.00651371114010167 -0.999976320873682 0 0.664176442196184 0.140315717301079 0.415249828299884 1 
0.994618198964676 0.103503768394363 0.00153463925380846 0 0.103491322956102 -0.994598059273201 0.00670771674904415 0 0.00222066593907125 -0.00651292069936815 -0.999976324973121 0 0.664156657818406 0.14030259210042 0.415260502138621 1 
0.994619976741319 0.103486673310503 0.00153532258198647 0 0.103474225512623 -0.994599843468968 0.00670693128588876 0 0.00222115237068303 -0.00651210690273077 -0.999976329192763 0 0.664136382344332 0.14028914110041 0.415271440927954 1 
0.994621805900951 0.103469081142098 0.0015360257643344 0 0.103456630916976 -0.99460167923405 0.00670612297255072 0 0.00222165296025355 -0.0065112694530866 -0.999976333534065 0 0.664115614085072 0.14027536318062 0.415282645579052 1 
0.994623687063424 0.103450985669216 0.00153674904813914 0 0.103438532948454 -0.994603567190607 0.00670529152230845 0 0.00222216788595617 -0.00651040805523358 -0.999976337998475 0 0.664094351529517 0.14026125733856 0.415294116907172 1 
0.9946256208433 0.103432380711023 0.00153749267906416 0 0.10341992542546 -0.994605507955492 0.00670443665019433 0 0.0022226973249056 -0.00650952241587128 -0.999976342587422 0 0.664072593344332 0.14024682268968 0.415305855631659 1 
0.994627607849829 0.103413260125779 0.00153825690114823 0 0.103400802205501 -0.99460750214023 0.00670355807299365 0 0.00222324145315923 -0.00650861224360175 -0.999976347302326 0 0.664050338373961 0.14023205846737 0.415317862375945 1 
0.994629648686912 0.103393617810836 0.00153904195680411 0 0.103381157185185 -0.994609550350983 0.00670265550924345 0 0.00222380044571845 -0.00650767724893024 -0.999976352144589 0 0.664027585640628 0.14021696402296 0.415330137667549 1 
0.994631743953081 0.103373447702638 0.00153984808681725 0 0.103360984300218 -0.994611653188523 0.00670172867923144 0 0.00222437447652996 -0.00650671714426611 -0.999976357115602 0 0.664004334344332 0.140201538825721 0.415342681938079 1 
0.994633894241466 0.103352743776711 0.00154067553034454 0 0.103340277525403 -0.994613811248209 0.00670077730499485 0 0.00222496371848717 -0.00650573164392353 -0.999976362216741 0 0.66398058386285 0.140185782462863 0.415355495523227 1 
0.994636100139768 0.103331500047667 0.00154152452491295 0 0.103319030874637 -0.994616025119953 0.00669980111031934 0 0.00222556834343147 -0.00650472046412235 -0.999976367449367 0 0.663956333751739 0.140169694639535 0.415368578662776 1 
0.994638362230231 0.103309710569197 0.00154239530641828 0 0.103297238400904 -0.994618295388193 0.00669879982073785 0 0.00222618852215359 -0.00650368332298888 -0.999976372814826 0 0.663931583744332 0.140153275178828 0.415381931500595 1 
0.994640681089613 0.103287369434073 0.00154328810912384 0 0.103274894196279 -0.994620622631868 0.0066977731635295 0 0.00222682442439497 -0.00650261994055672 -0.999976378314453 0 0.663906333751739 0.140136524021771 0.41539555408464 1 
0.99464305728916 0.103264470774137 0.00154420316565914 0 0.10325199239192 -0.994623007424383 0.00669672086771846 0 0.00222747621884904 -0.00650153003876754 -0.999976383949565 0 0.66388058386285 0.140119441227335 0.415409446366954 1 
0.994645491394576 0.103241008760307 0.00154514070701857 0 0.103228527158068 -0.99462545033359 0.00669564266407279 0 0.00222814407316262 -0.00650041334147194 -0.999976389721466 0 0.663854334344332 0.14010202697243 0.415423608203669 1 
0.994647983965992 0.103216977602568 0.00154610096256015 0 0.103204492704043 -0.994627951921751 0.00669453828510339 0 0.00222882815393727 -0.00649926957443019 -0.999976395631446 0 0.663827585640628 0.140084281551906 0.415438039355004 1 
0.994650535557943 0.103192371549971 0.00154708416000417 0 0.10317988327824 -0.994630512745513 0.00669340746506279 0 0.00222952862673055 -0.00649809846531312 -0.999976401680778 0 0.663800338373961 0.140066205378552 0.415452739485263 1 
0.994653146719335 0.103167184890632 0.00154809052543188 0 0.103154693168131 -0.99463313335588 0.00669224993994409 0 0.00223024565605747 -0.00649689974370287 -0.999976407870722 0 0.663772593344332 0.140047798983098 0.41546770816284 1 
0.994655817993421 0.103141411951726 0.00154912028328424 0 0.103128916700256 -0.994635814298186 0.00669106544747979 0 0.00223097940539175 -0.00649567314109375 -0.999976414202523 0 0.663744351529517 0.140029063014215 0.415482944860217 1 
0.994658549917766 0.103115047099487 0.00155017365636053 0 0.103102548240224 -0.994638556112062 0.00668985372714072 0 0.0022317300371672 -0.00649441839089301 -0.999976420677409 0 0.663715614085073 0.140009998238511 0.41549844895396 1 
0.994661343024229 0.103088084739202 0.00155125086581714 0 0.103075582192712 -0.994641359331413 0.00668861452013487 0 0.00223249771277906 -0.00649313522842169 -0.999976427296597 0 0.663686382344332 0.139990605540538 0.415514219724726 1 
0.994664197838922 0.103060519315214 0.00155235213116618 0 0.103048013001456 -0.994644224484385 0.00668734756940628 0 0.00223328259258533 -0.00649182339091541 -0.999976434061284 0 0.663656657818406 0.139970885922784 0.415530256357257 1 
0.994667114882195 0.103032345310911 0.00155347767027424 0 0.103019835149255 -0.994647152093341 0.00668605261963393 0 0.00223408483590809 -0.00649048261752518 -0.999976440972654 0 0.663626442196184 0.139950840505679 0.415546557940383 1 
0.994670094668595 0.10300355724873 0.00155462769936103 0 0.102991043157964 -0.99465014267483 0.00668472941723066 0 0.00223490460103487 -0.00648911264931823 -0.999976448031876 0 0.663595737344332 0.139930470527594 0.415563123467022 1 
0.994673137706849 0.102974149690151 0.00155580243299814 0 0.102961631588494 -0.994653196739558 0.00668337771034198 0 0.00223574204521995 -0.00648771322927878 -0.999976455240102 0 0.663564545307295 0.139909777344837 0.41557995183418 1 
0.994676244499828 0.102944117235696 0.00155700208410772 0 0.102931595040808 -0.994656314792365 0.00668199724884502 0 0.00223659732468569 -0.0064862841023089 -0.99997646259847 0 0.663532868307295 0.139888762431659 0.415597041842947 1 
0.994679415544524 0.102913454524924 0.00155822686396118 0 0.102900928153918 -0.99465949733219 0.00668058778434741 0 0.00223747059462388 -0.00648482501522927 -0.999976470108101 0 0.663500708744332 0.13986742738025 0.415614392198504 1 
0.994682651332018 0.102882156236432 0.00155947698217791 0 0.102869625605883 -0.994662744852048 0.00667914907018617 0 0.002238362009197 -0.00648333571678 -0.999976477770101 0 0.663468069196184 0.139845773900738 0.415632001510119 1 
0.994685952347456 0.102850217087847 0.00156075264672397 0 0.102837682113805 -0.994666057839001 0.00667768086142662 0 0.00223927172153961 -0.00648181595762144 -0.99997648558556 0 0.663434952418406 0.139823803821193 0.415649868291145 1 
0.994689319070021 0.102817631835827 0.00156205406391086 0 0.102805092433832 -0.99466943677413 0.00667618291486128 0 0.0022401998837596 -0.00648026549033497 -0.99997649355555 0 0.663401361344332 0.139801519087625 0.415667990959025 1 
0.9946927519729 0.102784395276061 0.00156338143839419 0 0.102771851361147 -0.994672882132506 0.00667465498900877 0 0.00224114664693955 -0.0064786840694238 -0.999976501681131 0 0.663367299085072 0.139778921763984 0.415686367835288 1 
0.994696251523263 0.102750502243258 0.00156473497317244 0 0.10273795372997 -0.994676394383165 0.00667309684411274 0 0.00224211216113795 -0.00647707145131375 -0.999976509963344 0 0.663332768929517 0.139756014032159 0.415704997145551 1 
0.994699818182233 0.102715947611152 0.00156611486958566 0 0.102703394413558 -0.994679973989079 0.0066715082421408 0 0.00224309657539057 -0.00647542739435408 -0.999976518403213 0 0.663297774344332 0.13973279819198 0.415723877019517 1 
0.994703452404857 0.102680726292498 0.00156752132731425 0 0.102668168324197 -0.994683621407128 0.0066698889467834 0 0.00224410003771173 -0.00647375165881824 -0.999976527001749 0 0.663262318973961 0.139709276661215 0.415743005490978 1 
0.994707154640083 0.102644833239066 0.00156895454437767 0 0.102632270413203 -0.994687337088075 0.00666823872345283 0 0.00224512269509553 -0.00647204400690466 -0.999976535759942 0 0.663226406640628 0.139685451975575 0.415762380497814 1 
0.994710925330729 0.102608263441643 0.00157041471713318 0 0.102595695670919 -0.994691121476536 0.00666655733928209 0 0.00224616469351721 -0.00647030420273756 -0.99997654467877 0 0.663190041344332 0.139661326788709 0.415781999881989 1 
0.994714764913457 0.102571011930024 0.00157190204027464 0 0.102558439126711 -0.994694975010957 0.00666484456312385 0 0.00224722617793433 -0.00646853201236771 -0.999976553759191 0 0.66315322726285 0.139636903872206 0.415801861389559 1 
0.994718673818749 0.10253307377302 0.00157341670683123 0 0.102520495848969 -0.994698898123584 0.00666310016554946 0 0.0022483072922881 -0.00646672720377319 -0.999976563002148 0 0.663115968751739 0.139612186115596 0.415821962670664 1 
0.994722652470877 0.102494444078443 0.00157495890816621 0 0.102481860945101 -0.994702891240436 0.0066613239188478 0 0.00224940817950458 -0.00646488954686018 -0.999976572408568 0 0.663078270344332 0.139587176526348 0.415842301279532 1 
0.994726701287877 0.102455117993115 0.00157652883397575 0 0.102442529561534 -0.994706954781283 0.00665951559702433 0 0.00225052898149597 -0.00646301881346373 -0.999976581979357 0 0.663040136751739 0.139561878229871 0.415862874674479 1 
0.994730820681525 0.102415090702858 0.00157812667228765 0 0.102402496883706 -0.994711089159614 0.00665767497580004 0 0.00225166983916179 -0.00646111477734853 -0.99997659171541 0 0.66300157286285 0.139536294469515 0.415883680217908 1 
0.994735011057309 0.102374357432495 0.00157975260946018 0 0.102361758136073 -0.994715294782615 0.0066558018326104 0 0.00225283089239016 -0.00645917721420961 -0.9999766016176 0 0.662962583744332 0.139510428606569 0.415904715176311 1 
0.994739272814405 0.102332913445845 0.00158140683018083 0 0.102320308582096 -0.99471957205114 0.00665389594660438 0 0.00225401228005898 -0.00645720590167318 -0.999976611686785 0 0.662923174640628 0.139484284120261 0.415925976720264 1 
0.994743606345648 0.102290754045725 0.00158308951746516 0 0.102278143524249 -0.994723921359689 0.00665195709864341 0 0.00225521414003717 -0.00645520061929731 -0.999976621923805 0 0.662883350973961 0.139457864607762 0.415947461924434 1 
0.99474801203751 0.102247874573943 0.00158480085265559 0 0.102235258304009 -0.994728343096381 0.00664998507130044 0 0.00225643660918583 -0.0064531611485727 -0.999976632329485 0 0.662843118344332 0.139431173784181 0.415969167767573 1 
0.994752490270072 0.1022042704113 0.00158654101542023 0 0.102191648301857 -0.994732837642924 0.00664797964885889 0 0.00225767982335945 -0.00645108727292344 -0.999976642904628 0 0.662802482529517 0.139404215482566 0.415991091132521 1 
0.994757041417001 0.102159936977586 0.00158831018375171 0 0.102147308937276 -0.9947374053746 0.00664594061731171 0 0.0022589439174071 -0.00644897877770769 -0.999976653650024 0 0.662761449485072 0.139376993653907 0.416013228806206 1 
0.994761665845524 0.102114869731575 0.00159010853396602 0 0.102102235668751 -0.994742046660228 0.00664386776436038 0 0.00226022902517356 -0.00644683545021845 -0.999976664566444 0 0.662720025344332 0.139349512367133 0.416035577479642 1 
0.994766363916405 0.102069064171028 0.00159193624070138 0 0.10205642399376 -0.99474676186215 0.00664176087941399 0 0.00226153527950052 -0.00644465707968428 -0.999976675654639 0 0.662678216418406 0.139321775809114 0.416058133747932 1 
0.994771135983916 0.102022515832687 0.00159379347691709 0 0.102009869448782 -0.9947515513362 0.00663961975358827 0 0.00226286281222767 -0.00644244345726998 -0.999976686915345 0 0.662636029196184 0.139293788284657 0.416080894110266 1 
0.994775982395819 0.101975220292277 0.00159568041389237 0 0.101962567609284 -0.994756415431682 0.00663744417970462 0 0.0022642117541939 -0.00644019437607733 -0.999976698349281 0 0.662593470344332 0.139265554216512 0.416103854969921 1 
0.994780903493338 0.101927173164498 0.00159759722122532 0 0.101914514089729 -0.994761354491347 0.00663523395228922 0 0.00226558223523837 -0.00643790963114582 -0.999976709957144 0 0.662550546707295 0.139237078145368 0.41612701263426 1 
0.994785899611136 0.101878370103028 0.00159954406683173 0 0.101865704543569 -0.994766368851366 0.00663298886757212 0 0.00226697438420162 -0.00643558901945327 -0.999976721739617 0 0.662507265307295 0.139208364729855 0.416150363314737 1 
0.994790971077293 0.101828806800521 0.00160152111694403 0 0.101816134663242 -0.99477145884131 0.00663070872348627 0 0.00226838832892671 -0.00643323233991659 -0.999976733697364 0 0.662463633344332 0.13917941874654 0.416173903126891 1 
0.99479611821328 0.101778478988601 0.00160352853611022 0 0.101765800180174 -0.994776624784125 0.00662839331966669 0 0.00226982419626024 -0.00643083939339243 -0.999976745831028 0 0.662419658196184 0.139150245089934 0.416197628090347 1 
0.994801341333939 0.101727382437864 0.00160556648719274 0 0.101714696864776 -0.99478186699611 0.00662604245744955 0 0.00227128211205349 -0.00642840998267788 -0.999976758141238 0 0.662375347418406 0.139120848772484 0.41622153412882 1 
0.99480664074746 0.101675512957877 0.00160763513136747 0 0.101662820526438 -0.994787185786893 0.00662365593987129 0 0.0022727622011634 -0.0064259439125111 -0.999976770628603 0 0.662330708744332 0.139091234924581 0.416245617070111 1 
0.994812016755356 0.10162286639717 0.00160973462812265 0 0.101610167013536 -0.99479258145941 0.00662123357166777 0 0.0022742645874537 -0.00642344098957204 -0.999976783293711 0 0.662285750085073 0.139061408794552 0.41626987264611 1 
0.994817469652444 0.101569438643243 0.00161186513525786 0 0.101556732213423 -0.994798054309883 0.00661877515927343 0 0.00227578939379585 -0.00642090102248304 -0.999976796137137 0 0.662240479529517 0.139031375748666 0.416294296492792 1 
0.994822999726821 0.101515225622557 0.00161402680888297 0 0.101502512052428 -0.994803604627796 0.00661628051082042 0 0.00227733674207014 -0.00641832382180952 -0.999976809159433 0 0.662194905344332 0.139001141271133 0.416318884150222 1 
0.994828607259844 0.101460223300536 0.00161621980341716 0 0.101447502495859 -0.994809232695875 0.0066137494361378 0 0.00227890675316662 -0.00641570920006059 -0.999976822361133 0 0.662149035973961 0.1389707109641 0.416343631062549 1 
0.994834292526109 0.101404427681566 0.0016184442715879 0 0.101391699547999 -0.994814938790068 0.00661118174675071 0 0.00228049954698613 -0.00641305697168969 -0.999976835742755 0 0.662102880040628 0.138940090547658 0.416368532578012 1 
0.994840055793426 0.101347834808991 0.00162070036443 0 0.101335099252101 -0.994820723179522 0.00660857725587959 0 0.00228211524244125 -0.00641036695309525 -0.999976849304795 0 0.662056446344332 0.138909285859834 0.416393583948938 1 
0.994845897322806 0.101290440765112 0.00162298823128459 0 0.101277697690393 -0.994826586126563 0.00660593577843938 0 0.00228375395745727 -0.00640763896262123 -0.999976863047733 0 0.66200974386285 0.138878302856597 0.416418780331738 1 
0.994851817368434 0.101232241671188 0.00162530801979821 0 0.101219490984072 -0.994832527886676 0.00660325713103872 0 0.00228541580897312 -0.00640487282055782 -0.999976876972028 0 0.661962781751739 0.138847147611857 0.416444116786915 1 
0.994857816177651 0.101173233687433 0.00162765987592183 0 0.101160475293305 -0.994838548708485 0.00660054113197925 0 0.00228710091294231 -0.00640206834914195 -0.999976891078121 0 0.661915569344332 0.13881582631746 0.416469588279055 1 
0.994863893990937 0.101113413013013 0.00163004394390997 0 0.101100646817227 -0.994844648833734 0.0065977876012548 0 0.0022888093843338 -0.00639922537255797 -0.999976905366435 0 0.661868116151739 0.138784345283197 0.416495189676834 1 
0.994870051041887 0.101052775886047 0.00163246036631974 0 0.101040001793938 -0.994850828497264 0.0065949963605507 0 0.00229054133713294 -0.00639634371693816 -0.999976919837371 0 0.66182043186285 0.138752710936796 0.416520915753015 1 
0.994876287557195 0.100991318583607 0.00163490928400996 0 0.100978536500508 -0.994857087927001 0.00659216723324306 0 0.00229229688434233 -0.00639342321036333 -0.999976934491314 0 0.661772526344332 0.138720929823925 0.416546761184448 1 
0.994882603756637 0.100929037421712 0.00163739083614028 0 0.100916247252965 -0.99486342734393 0.00658930004439803 0 0.00229407613798265 -0.00639046368286339 -0.999976949328628 0 0.661724409640628 0.138689008608193 0.416572720552069 1 
0.994888999853049 0.100865928755332 0.00163990516017032 0 0.100853130406307 -0.994869846962081 0.00658639462077115 0 0.00229587920909353 -0.00638746496641792 -0.999976964349659 0 0.661676091973961 0.138656954071149 0.416598788340905 1 
0.994895476052309 0.100801988978384 0.0016424523918588 0 0.10078918235449 -0.994876346988512 0.00658345079080665 0 0.0022977062077344 -0.00638442689495666 -0.999976979554732 0 0.661627583744332 0.13862477311228 0.416624958940068 1 
0.994902032553326 0.100737214523733 0.00164503266526272 0 0.100724399530433 -0.994882927623286 0.00658046838463682 0 0.00229955724298521 -0.00638134930436013 -0.999976994944154 0 0.661578895529517 0.138592472749015 0.416651226642756 1 
0.994908669548012 0.100671601863188 0.00164764611273652 0 0.100658778406016 -0.994889589059459 0.00657744723408133 0 0.00230143242294734 -0.00637823203246008 -0.999977010518212 0 0.661530038085072 0.138560060116724 0.416677585646257 1 
0.994915387221276 0.100605147507505 0.00165029286493129 0 0.100592315492079 -0.994896331483061 0.00657438717264662 0 0.00230333185474425 -0.00637507491904004 -0.999977026277175 0 0.661481022344332 0.138527542468714 0.416704030051946 1 
0.994922185751 0.100537848006382 0.00165297305079401 0 0.10052500733842 -0.994903155073082 0.0065712880355253 0 0.00230525564452232 -0.00637187780583585 -0.99997704222129 0 0.661431859418406 0.138494927176233 0.416730553865284 1 
0.994929065308026 0.100469699948462 0.00165568679756671 0 0.100456850533795 -0.994910060001449 0.00656814965959554 0 0.00230720389745155 -0.00636864053653612 -0.999977058350786 0 0.661382560596184 0.138462221728471 0.41675715099582 1 
0.994936026056141 0.100400699961331 0.00165843423078578 0 0.100387841705919 -0.99491704643302 0.00656497188342047 0 0.00230917671772628 -0.00636536295678273 -0.999977074665871 0 0.661333137344332 0.138429433732554 0.416783815257192 1 
0.994943068152058 0.100330844711516 0.00166121547428121 0 0.100317977521464 -0.994924114525561 0.00656175454724767 0 0.00231117420856587 -0.00636204491417133 -0.999977091166736 0 0.661283601307295 0.138396570913553 0.416810540367122 1 
0.994950191745406 0.100260130904485 0.00166403065017588 0 0.100247254686056 -0.994931264429735 0.00655849749300855 0 0.00231319647221542 -0.00635868625825176 -0.999977107853549 0 0.661233964307295 0.138363641114474 0.416837319947423 1 
0.994957396978711 0.100188555284648 0.00166687987888481 0 0.100175669944281 -0.994938496289084 0.00655520056431788 0 0.00231524360994637 -0.00635528684052857 -0.999977124726461 0 0.661184238344332 0.138330652296267 0.416864147523993 1 
0.994964683987387 0.100116114635355 0.00166976327911457 0 0.100103220079677 -0.99494581024002 0.00655186360647324 0 0.00231731572205721 -0.00635184651446141 -0.999977141785601 0 0.661134435596184 0.138297612537819 0.416891016526818 1 
0.994972052899716 0.100042805778896 0.00167268096786251 0 0.10002990191474 -0.994953206411806 0.00654848646645456 0 0.00231941290787403 -0.00634836513546549 -0.999977159031079 0 0.661084568418406 0.138264530035958 0.416917920289972 1 
0.994979503836838 0.0999686255765012 0.00167563306041619 0 0.0999557123109171 -0.994960684926547 0.00654506899292357 0 0.00232153526575115 -0.00634484256091201 -0.999977176462986 0 0.661034649344332 0.138231413105454 0.416944852051616 1 
0.994987036912741 0.0998935709283389 0.00167861967035272 0 0.0998806481686137 -0.994968245899173 0.00654161103622343 0 0.00232368289307171 -0.00634127865012856 -0.999977194081391 0 0.660984691085072 0.138198270179013 0.416971804953998 1 
0.994994652234242 0.0998176387735173 0.00168164090953814 0 0.0998047064271877 -0.994975889437429 0.00653811244837821 0 0.00232585588624821 -0.00633767326439952 -0.999977211886345 0 0.660934706529517 0.138165109807285 0.416998772043453 1 
0.99500234990098 0.0997408260900834 0.00168469688812684 0 0.0997278840649517 -0.994983615641864 0.00653457308309248 0 0.00232805434072304 -0.00633402626696649 -0.999977229877878 0 0.660884708744332 0.138131940658857 0.417025746270405 1 
0.995010130005402 0.0996631298950229 0.00168778771456099 0 0.0996501780991725 -0.994991424605817 0.00653099279575093 0 0.00233027835096904 -0.00633033752302861 -0.999977248056 0 0.660834708744332 0.138098770041093 0.417052721692269 1 
0.995017992632754 0.0995845472442604 0.00169091349556997 0 0.0995715855860707 -0.994999316415405 0.00652737144341796 0 0.00233252801048994 -0.00632660689974299 -0.9999772664207 0 0.660784708744332 0.138065599423329 0.417079697114132 1 
0.995025937861066 0.0995050752326589 0.00169407433616986 0 0.0994921036208216 -0.995007291149516 0.00652370888483729 0 0.00233480341182086 -0.006322834266225 -0.999977284971948 0 0.660734708744332 0.138032428805566 0.417106672535996 1 
0.995033965761148 0.0994247109940208 0.0016972703396629 0 0.0994117293375545 -0.995015348879795 0.00652000498043163 0 0.00233710464652877 -0.00631901949354869 -0.999977303709694 0 0.660684708744332 0.137999258187802 0.417133647957859 1 
0.995042076396574 0.099343451701087 0.001700501607637 0 0.0993304599093533 -0.995023489670636 0.00651625959230232 0 0.00233943180521291 -0.00631516245474706 -0.999977322633868 0 0.660634708744332 0.137966087570039 0.417160623379723 1 
0.995050269823674 0.0992612945655378 0.00170376823996528 0 0.0992482925482565 -0.995031713579172 0.00651247258422904 0 0.00234178497750522 -0.00631126302481241 -0.999977341744377 0 0.660584708744332 0.137932916952275 0.417187598801587 1 
0.995058546091529 0.0991782368379931 0.0017070703348056 0 0.0991652245052578 -0.995040020655266 0.00650864382166949 0 0.00234416425207068 -0.00630732108069668 -0.99997736104111 0 0.660534708744332 0.137899746334511 0.41721457422345 1 
0.995066905241957 0.0990942758080123 0.00171040798860011 0 0.0990812530703062 -0.995048410941503 0.00650477317175911 0 0.00234656971660774 -0.00630333650131168 -0.999977380523937 0 0.660484708744332 0.137866575716748 0.417241549645314 1 
0.99507534730951 0.0990094088040952 0.00171378129607486 0 0.0989963755723065 -0.99505688447318 0.00650086050331085 0 0.00234900145784861 -0.00629930916752943 -0.999977400192705 0 0.660434708744332 0.137833405098984 0.417268525067177 1 
0.99508387232146 0.0989236331936823 0.00171719035023941 0 0.09891058937912 -0.995065441278301 0.00649690568681487 0 0.00235145956155961 -0.00629523896218241 -0.999977420047242 0 0.660384708744332 0.13780023448122 0.417295500489041 1 
0.995092480297798 0.0988369463831553 0.00172063524238642 0 0.0988238918975647 -0.995074081377568 0.00649290859443837 0 0.00235394411254144 -0.00629112577006381 -0.999977440087355 0 0.660334708744332 0.137767063863457 0.417322475910904 1 
0.995101171251226 0.0987493458178376 0.00172411606209134 0 0.098736280573416 -0.995082804784375 0.00648886910002538 0 0.00235645519462951 -0.00628696947792784 -0.99997746031283 0 0.660284708744332 0.137733893245693 0.417349451332768 1 
0.995109945187147 0.0986608289819952 0.00172763289721203 0 0.0986477528914079 -0.995091611504801 0.00648478707909655 0 0.00235899289069412 -0.00628276997448987 -0.999977480723435 0 0.660234708744332 0.13770072262793 0.417376426754631 1 
0.995118802103663 0.0985713933988374 0.0017311858338885 0 0.0985583063752329 -0.995100501537607 0.00648066240884901 0 0.00236155728264075 -0.00627852715042673 -0.999977501318915 0 0.660184708744332 0.137667552010166 0.417403402176495 1 
0.995127741991568 0.0984810366305174 0.00173477495654259 0 0.0984679385875436 -0.995109474874225 0.00647649496815622 0 0.00236414845141023 -0.00627424089837689 -0.999977522098996 0 0.660134708744332 0.137634381392402 0.417430377598358 1 
0.995136764834346 0.0983897562781334 0.0017384003478777 0 0.098376647129953 -0.995118531498759 0.00647228463756786 0 0.00236676647697892 -0.00626991111294065 -0.999977543063382 0 0.660084708744332 0.137601210774639 0.417457353020222 1 
0.995145870608162 0.0982975499817293 0.00174206208887857 0 0.0982844296430361 -0.995127671387979 0.00646803129930968 0 0.00236941143835892 -0.00626553769068034 -0.999977564211758 0 0.660034708744332 0.137568040156875 0.417484328442086 1 
0.995155059281862 0.0982044154202962 0.00174576025881101 0 0.0981912838063301 -0.995136894511316 0.00646373483728349 0 0.00237208341359812 -0.00626112053012049 -0.999977585543789 0 0.659984708744332 0.137534869539111 0.417511303863949 1 
