[
    {
        "_id": "65ea15e1153280ec90059137",
        "OB_I": [
            0.0,
            0.0,
            0.0,
            0.0,
            0.0,
            0.0,
            0.0,
            0.0,
            0.0
        ],
        "OB_T_TCP": [
            1.0,
            0.0,
            0.0,
            0.0,
            0.0,
            1.0,
            0.0,
            0.0,
            0.0,
            0.0,
            1.0,
            0.0,
            0.0,
            0.0,
            0.0,
            1.0
        ],
        "OB_T_gp": [
            1.0,
            0.0,
            0.0,
            0.0,
            0.0,
            1.0,
            0.0,
            0.0,
            0.0,
            0.0,
            1.0,
            0.0,
            0.0,
            0.0,
            0.0,
            1.0
        ],
        "O_T_OB": [
            1.0,
            0.0,
            0.0,
            0.0,
            0.0,
            1.0,
            0.0,
            0.0,
            0.0,
            0.0,
            1.0,
            0.0,
            0.0,
            0.0,
            0.0,
            1.0
        ],
        "O_T_TCP": [
            1.0,
            0.0,
            0.0,
            0.0,
            0.0,
            1.0,
            0.0,
            0.0,
            0.0,
            0.0,
            1.0,
            0.0,
            0.0,
            0.0,
            0.0,
            1.0
        ],
        "geometry": null,
        "grasp_force": 1.0,
        "grasp_width": 0.0,
        "mass": 0.0,
        "name": "TestObject1",
        "q": [
            0.0,
            0.0,
            0.0,
            0.0,
            0.0,
            0.0,
            0.0
        ]
    },
    {
        "_id": "65ea16c0866d42f47d065a81",
        "OB_I": [
            0.0,
            0.0,
            0.0,
            0.0,
            0.0,
            0.0,
            0.0,
            0.0,
            0.0
        ],
        "OB_T_TCP": [
            1.0,
            0.0,
            0.0,
            0.0,
            0.0,
            1.0,
            0.0,
            0.0,
            0.0,
            0.0,
            1.0,
            0.0,
            0.0,
            0.0,
            0.0,
            1.0
        ],
        "OB_T_gp": [
            1.0,
            0.0,
            0.0,
            0.0,
            0.0,
            1.0,
            0.0,
            0.0,
            0.0,
            0.0,
            1.0,
            0.0,
            0.0,
            0.0,
            0.0,
            1.0
        ],
        "O_T_OB": [
            1.0,
            0.0,
            0.0,
            0.0,
            0.0,
            1.0,
            0.0,
            0.0,
            0.0,
            0.0,
            1.0,
            0.0,
            0.0,
            0.0,
            0.0,
            1.0
        ],
        "O_T_TCP": [
            1.0,
            0.0,
            0.0,
            0.0,
            0.0,
            1.0,
            0.0,
            0.0,
            0.0,
            0.0,
            1.0,
            0.0,
            0.0,
            0.0,
            0.0,
            1.0
        ],
        "geometry": null,
        "grasp_force": 0.0,
        "grasp_width": 0.0,
        "mass": 0.0,
        "name": "NullObject",
        "q": [
            0.0,
            0.0,
            0.0,
            0.0,
            0.0,
            0.0,
            0.0
        ]
    },
    {
        "_id": "65ea16c0866d42f47d065a82",
        "OB_I": [
            0.0,
            0.0,
            0.0,
            0.0,
            0.0,
            0.0,
            0.0,
            0.0,
            0.0
        ],
        "OB_T_TCP": [
            1.0,
            0.0,
            0.0,
            0.0,
            0.0,
            1.0,
            0.0,
            0.0,
            0.0,
            0.0,
            1.0,
            0.0,
            0.0,
            0.0,
            0.0,
            1.0
        ],
        "OB_T_gp": [
            1.0,
            0.0,
            0.0,
            0.0,
            0.0,
            1.0,
            0.0,
            0.0,
            0.0,
            0.0,
            1.0,
            0.0,
            0.0,
            0.0,
            0.0,
            1.0
        ],
        "O_T_OB": [
            1.0,
            0.0,
            0.0,
            0.0,
            0.0,
            1.0,
            0.0,
            0.0,
            0.0,
            0.0,
            1.0,
            0.0,
            0.0,
            0.0,
            0.0,
            1.0
        ],
        "O_T_TCP": [
            1.0,
            0.0,
            0.0,
            0.0,
            0.0,
            1.0,
            0.0,
            0.0,
            0.0,
            0.0,
            1.0,
            0.0,
            0.0,
            0.0,
            0.0,
            1.0
        ],
        "geometry": null,
        "grasp_force": 0.0,
        "grasp_width": 0.0,
        "mass": 0.0,
        "name": "NoneObject",
        "q": [
            0.0,
            0.0,
            0.0,
            0.0,
            0.0,
            0.0,
            0.0
        ]
    },
    {
        "_id": "65ea16c0866d42f47d065a83",
        "OB_I": [
            0.0,
            0.0,
            0.0,
            0.0,
            0.0,
            0.0,
            0.0,
            0.0,
            0.0
        ],
        "OB_T_TCP": [
            1.0,
            0.0,
            0.0,
            0.0,
            0.0,
            1.0,
            0.0,
            0.0,
            0.0,
            0.0,
            1.0,
            0.0,
            0.0,
            0.0,
            0.0,
            1.0
        ],
        "OB_T_gp": [
            1.0,
            0.0,
            0.0,
            0.0,
            0.0,
            1.0,
            0.0,
            0.0,
            0.0,
            0.0,
            1.0,
            0.0,
            0.0,
            0.0,
            0.0,
            1.0
        ],
        "O_T_OB": [
            0.042287769943322374,
            0.9980517903062266,
            -0.04566306254474026,
            0.0,
            0.9990804305161161,
            -0.04198911477450946,
            0.007480274152296298,
            0.0,
            0.0055484562605105535,
            -0.045938280752606364,
            -0.9989288708384696,
            0.0,
            -0.26888258842678553,
            0.5138899787320308,
            0.24173276815231357,
            1.0
        ],
        "O_T_TCP": [
            1.0,
            0.0,
            0.0,
            0.0,
            0.0,
            1.0,
            0.0,
            0.0,
            0.0,
            0.0,
            1.0,
            0.0,
            0.0,
            0.0,
            0.0,
            1.0
        ],
        "geometry": null,
        "grasp_force": 0.0,
        "grasp_width": 0.0,
        "mass": 0.0,
        "name": "EndEffector",
        "q": [
            1.6365671767472172,
            0.23061633128327919,
            0.43165040675425126,
            -2.016175535998035,
            -0.09652444181839626,
            2.1807552888520347,
            1.3740795837962296
        ]
    },
    {
        "_id": "65ea1a22774d13c06f0ab061",
        "OB_I": [
            0.0,
            0.0,
            0.0,
            0.0,
            0.0,
            0.0,
            0.0,
            0.0,
            0.0
        ],
        "OB_T_TCP": [
            1.0,
            0.0,
            0.0,
            0.0,
            0.0,
            1.0,
            0.0,
            0.0,
            0.0,
            0.0,
            1.0,
            0.0,
            0.0,
            0.0,
            0.0,
            1.0
        ],
        "OB_T_gp": [
            1.0,
            0.0,
            0.0,
            0.0,
            0.0,
            1.0,
            0.0,
            0.0,
            0.0,
            0.0,
            1.0,
            0.0,
            0.0,
            0.0,
            0.0,
            1.0
        ],
        "O_T_OB": [
            1.0,
            0.0,
            0.0,
            0.0,
            0.0,
            1.0,
            0.0,
            0.0,
            0.0,
            0.0,
            1.0,
            0.0,
            0.0,
            0.0,
            0.0,
            1.0
        ],
        "O_T_TCP": [
            1.0,
            0.0,
            0.0,
            0.0,
            0.0,
            1.0,
            0.0,
            0.0,
            0.0,
            0.0,
            1.0,
            0.0,
            0.0,
            0.0,
            0.0,
            1.0
        ],
        "geometry": null,
        "grasp_force": 0.0,
        "grasp_width": 0.0,
        "mass": 0.0,
        "name": "test1",
        "q": [
            0.0,
            0.0,
            0.0,
            0.0,
            0.0,
            0.0,
            0.0
        ]
    },
    {
        "_id": "65eb2c96f34d2aed38043a31",
        "OB_I": [
            0.0,
            0.0,
            0.0,
            0.0,
            0.0,
            0.0,
            0.0,
            0.0,
            0.0
        ],
        "OB_T_TCP": [
            1.0,
            0.0,
            0.0,
            0.0,
            0.0,
            1.0,
            0.0,
            0.0,
            0.0,
            0.0,
            1.0,
            0.0,
            0.0,
            0.0,
            0.0,
            1.0
        ],
        "OB_T_gp": [
            1.0,
            0.0,
            0.0,
            0.0,
            0.0,
            1.0,
            0.0,
            0.0,
            0.0,
            0.0,
            1.0,
            0.0,
            0.0,
            0.0,
            0.0,
            1.0
        ],
        "O_T_OB": [
            1.0,
            0.0,
            0.0,
            0.0,
            0.0,
            1.0,
            0.0,
            0.0,
            0.0,
            0.0,
            1.0,
            0.0,
            0.0,
            0.0,
            0.0,
            1.0
        ],
        "O_T_TCP": [
            1.0,
            0.0,
            0.0,
            0.0,
            0.0,
            1.0,
            0.0,
            0.0,
            0.0,
            0.0,
            1.0,
            0.0,
            0.0,
            0.0,
            0.0,
            1.0
        ],
        "geometry": null,
        "grasp_force": 0.0,
        "grasp_width": 0.0,
        "mass": 0.0,
        "name": "test2",
        "q": [
            0.0,
            0.0,
            0.0,
            0.0,
            0.0,
            0.0,
            0.0
        ]
    },
    {
        "_id": "65f0c1b866ba81ce730084d1",
        "OB_I": [
            0.0,
            0.0,
            0.0,
            0.0,
            0.0,
            0.0,
            0.0,
            0.0,
            0.0
        ],
        "OB_T_TCP": [
            1.0,
            0.0,
            0.0,
            0.0,
            0.0,
            1.0,
            0.0,
            0.0,
            0.0,
            0.0,
            1.0,
            0.0,
            0.0,
            0.0,
            0.0,
            1.0
        ],
        "OB_T_gp": [
            1.0,
            0.0,
            0.0,
            0.0,
            0.0,
            1.0,
            0.0,
            0.0,
            0.0,
            0.0,
            1.0,
            0.0,
            0.0,
            0.0,
            0.0,
            1.0
        ],
        "O_T_OB": [
            0.9942893648763174,
            -0.08568876646518844,
            -0.06345739591830227,
            0.0,
            -0.08572927432493825,
            -0.9963066161587593,
            0.002089263796302965,
            0.0,
            -0.06340327054456749,
            0.0033628884755651555,
            -0.9979823226216751,
            0.0,
            0.5455366490412883,
            0.2997315091727984,
            0.005848237661269337,
            1.0
        ],
        "O_T_TCP": [
            0.9942893648763174,
            -0.08568876646518844,
            -0.06345739591830227,
            0.0,
            -0.08572927432493825,
            -0.9963066161587593,
            0.002089263796302965,
            0.0,
            -0.06340327054456749,
            0.0033628884755651555,
            -0.9979823226216751,
            0.0,
            0.5455366490412883,
            0.2997315091727984,
            0.005848237661269337,
            1.0
        ],
        "geometry": null,
        "grasp_force": 0.0,
        "grasp_width": 0.0,
        "mass": 0.0,
        "name": "p1_sp1",
        "q": [
            0.3462297654564948,
            0.763475231704608,
            0.15242745088954474,
            -1.8409007817485883,
            -0.13086174158455272,
            2.5389470826374514,
            1.4410418963132232
        ]
    },
    {
        "_id": "65f0c2b366ba81ce730084d2",
        "OB_I": [
            0.0,
            0.0,
            0.0,
            0.0,
            0.0,
            0.0,
            0.0,
            0.0,
            0.0
        ],
        "OB_T_TCP": [
            1.0,
            0.0,
            0.0,
            0.0,
            0.0,
            1.0,
            0.0,
            0.0,
            0.0,
            0.0,
            1.0,
            0.0,
            0.0,
            0.0,
            0.0,
            1.0
        ],
        "OB_T_gp": [
            1.0,
            0.0,
            0.0,
            0.0,
            0.0,
            1.0,
            0.0,
            0.0,
            0.0,
            0.0,
            1.0,
            0.0,
            0.0,
            0.0,
            0.0,
            1.0
        ],
        "O_T_OB": [
            0.9989181631966062,
            -0.040443764137969046,
            -0.02252891651808989,
            0.0,
            -0.04040494464074937,
            -0.9991713832943138,
            0.0021758114610663888,
            0.0,
            -0.02259868178169498,
            -0.001263202283979461,
            -0.9997438191365424,
            0.0,
            0.6723192102331684,
            0.1647639776697898,
            0.022932490731639197,
            1.0
        ],
        "O_T_TCP": [
            0.9989181631966062,
            -0.040443764137969046,
            -0.02252891651808989,
            0.0,
            -0.04040494464074937,
            -0.9991713832943138,
            0.0021758114610663888,
            0.0,
            -0.02259868178169498,
            -0.001263202283979461,
            -0.9997438191365424,
            0.0,
            0.6723192102331684,
            0.1647639776697898,
            0.022932490731639197,
            1.0
        ],
        "geometry": null,
        "grasp_force": 0.0,
        "grasp_width": 0.0,
        "mass": 0.0,
        "name": "p1_sp2",
        "q": [
            0.17995285498081146,
            0.8774959976561396,
            0.06959877055272953,
            -1.5531564836000213,
            -0.07408472516139349,
            2.4057519419723086,
            1.1064279931609828
        ]
    },
    {
        "_id": "65f206f8cc3ba507550a6ff1",
        "OB_I": [
            0.0,
            0.0,
            0.0,
            0.0,
            0.0,
            0.0,
            0.0,
            0.0,
            0.0
        ],
        "OB_T_TCP": [
            1.0,
            0.0,
            0.0,
            0.0,
            0.0,
            1.0,
            0.0,
            0.0,
            0.0,
            0.0,
            1.0,
            0.0,
            0.0,
            0.0,
            0.0,
            1.0
        ],
        "OB_T_gp": [
            1.0,
            0.0,
            0.0,
            0.0,
            0.0,
            1.0,
            0.0,
            0.0,
            0.0,
            0.0,
            1.0,
            0.0,
            0.0,
            0.0,
            0.0,
            1.0
        ],
        "O_T_OB": [
            0.02315269158307143,
            0.965175082430463,
            0.26054128277303057,
            0.0,
            0.9993563585151953,
            -0.015293582118205694,
            -0.03215154650169135,
            0.0,
            -0.02704778279539906,
            0.26112300986211173,
            -0.9649265211229322,
            0.0,
            0.009127540953774844,
            0.3975794951895181,
            0.5661061123661979,
            1.0
        ],
        "O_T_TCP": [
            0.02315269158307143,
            0.965175082430463,
            0.26054128277303057,
            0.0,
            0.9993563585151953,
            -0.015293582118205694,
            -0.03215154650169135,
            0.0,
            -0.02704778279539906,
            0.26112300986211173,
            -0.9649265211229322,
            0.0,
            0.009127540953774844,
            0.3975794951895181,
            0.5661061123661979,
            1.0
        ],
        "geometry": null,
        "grasp_force": 0.0,
        "grasp_width": 0.0,
        "mass": 0.0,
        "name": "initialposition1",
        "q": [
            1.6026304399290074,
            -0.6303371550189459,
            -0.04813256275288606,
            -2.130002201632451,
            0.001543009983380258,
            1.76419766599399,
            0.7940453165595731
        ]
    },
    {
        "_id": "65f20753cc3ba507550a6ff2",
        "OB_I": [
            0.0,
            0.0,
            0.0,
            0.0,
            0.0,
            0.0,
            0.0,
            0.0,
            0.0
        ],
        "OB_T_TCP": [
            1.0,
            0.0,
            0.0,
            0.0,
            0.0,
            1.0,
            0.0,
            0.0,
            0.0,
            0.0,
            1.0,
            0.0,
            0.0,
            0.0,
            0.0,
            1.0
        ],
        "OB_T_gp": [
            1.0,
            0.0,
            0.0,
            0.0,
            0.0,
            1.0,
            0.0,
            0.0,
            0.0,
            0.0,
            1.0,
            0.0,
            0.0,
            0.0,
            0.0,
            1.0
        ],
        "O_T_OB": [
            0.021982037329596582,
            0.9977446921449092,
            -0.06326978925766114,
            0.0,
            0.9997436921287516,
            -0.022138906592690365,
            -0.0017792596382354192,
            0.0,
            -0.0031760319629688225,
            -0.06321567805857012,
            -0.9979948350911267,
            0.0,
            -0.27773647180912625,
            0.36657797217967986,
            0.27310663202830676,
            1.0
        ],
        "O_T_TCP": [
            0.021982037329596582,
            0.9977446921449092,
            -0.06326978925766114,
            0.0,
            0.9997436921287516,
            -0.022138906592690365,
            -0.0017792596382354192,
            0.0,
            -0.0031760319629688225,
            -0.06321567805857012,
            -0.9979948350911267,
            0.0,
            -0.27773647180912625,
            0.36657797217967986,
            0.27310663202830676,
            1.0
        ],
        "geometry": null,
        "grasp_force": 0.0,
        "grasp_width": 0.0,
        "mass": 0.0,
        "name": "shaft1",
        "q": [
            1.6408883520379005,
            -0.19673739984072505,
            0.5540051769339669,
            -2.3971655053925094,
            0.17244883296322921,
            2.17195843217108,
            1.3185539446100591
        ]
    },
    {
        "_id": "65f20765cc3ba507550a6ff3",
        "OB_I": [
            0.0,
            0.0,
            0.0,
            0.0,
            0.0,
            0.0,
            0.0,
            0.0,
            0.0
        ],
        "OB_T_TCP": [
            1.0,
            0.0,
            0.0,
            0.0,
            0.0,
            1.0,
            0.0,
            0.0,
            0.0,
            0.0,
            1.0,
            0.0,
            0.0,
            0.0,
            0.0,
            1.0
        ],
        "OB_T_gp": [
            1.0,
            0.0,
            0.0,
            0.0,
            0.0,
            1.0,
            0.0,
            0.0,
            0.0,
            0.0,
            1.0,
            0.0,
            0.0,
            0.0,
            0.0,
            1.0
        ],
        "O_T_OB": [
            0.03293439988601239,
            0.9987900577924511,
            -0.0362559327601579,
            0.0,
            0.9994208324819104,
            -0.03264493724284296,
            0.00854719689631032,
            0.0,
            0.0073534242085959226,
            -0.036517134370048415,
            -0.999305972187602,
            0.0,
            -0.3958818737254737,
            0.48449203683366127,
            0.2626215337425854,
            1.0
        ],
        "O_T_TCP": [
            0.03293439988601239,
            0.9987900577924511,
            -0.0362559327601579,
            0.0,
            0.9994208324819104,
            -0.03264493724284296,
            0.00854719689631032,
            0.0,
            0.0073534242085959226,
            -0.036517134370048415,
            -0.999305972187602,
            0.0,
            -0.3958818737254737,
            0.48449203683366127,
            0.2626215337425854,
            1.0
        ],
        "geometry": null,
        "grasp_force": 0.0,
        "grasp_width": 0.0,
        "mass": 0.0,
        "name": "p1_n1",
        "q": [
            1.7225042117540545,
            0.3657234275382862,
            0.5893249507535949,
            -1.8132862764520385,
            -0.20844032673041035,
            2.079098628333355,
            1.6369054819966353
        ]
    },
    {
        "_id": "65f208923d5d3aa33909fa01",
        "OB_I": [
            0.0,
            0.0,
            0.0,
            0.0,
            0.0,
            0.0,
            0.0,
            0.0,
            0.0
        ],
        "OB_T_TCP": [
            1.0,
            0.0,
            0.0,
            0.0,
            0.0,
            1.0,
            0.0,
            0.0,
            0.0,
            0.0,
            1.0,
            0.0,
            0.0,
            0.0,
            0.0,
            1.0
        ],
        "OB_T_gp": [
            1.0,
            0.0,
            0.0,
            0.0,
            0.0,
            1.0,
            0.0,
            0.0,
            0.0,
            0.0,
            1.0,
            0.0,
            0.0,
            0.0,
            0.0,
            1.0
        ],
        "O_T_OB": [
            0.9999794063468496,
            0.003907442838487518,
            -0.002581796636912931,
            0.0,
            0.003914417146569122,
            -0.9999790620267289,
            0.0027018045366418294,
            0.0,
            -0.0025712349367766453,
            -0.0027119073382606647,
            -0.9999930171303639,
            0.0,
            0.6831131784135639,
            0.15091057610990297,
            0.03872875431078723,
            1.0
        ],
        "O_T_TCP": [
            0.9999794063468496,
            0.003907442838487518,
            -0.002581796636912931,
            0.0,
            0.003914417146569122,
            -0.9999790620267289,
            0.0027018045366418294,
            0.0,
            -0.0025712349367766453,
            -0.0027119073382606647,
            -0.9999930171303639,
            0.0,
            0.6831131784135639,
            0.15091057610990297,
            0.03872875431078723,
            1.0
        ],
        "geometry": null,
        "grasp_force": 0.0,
        "grasp_width": 0.0,
        "mass": 0.0,
        "name": "gear3",
        "q": [
            0.6594461028586938,
            0.959457393611405,
            -0.5421085347795604,
            -1.518537465363218,
            0.6018891127984255,
            2.3034558436616237,
            0.6758813112820262
        ]
    },
    {
        "_id": "65f35fda57dfe07413073051",
        "OB_I": [
            0.0,
            0.0,
            0.0,
            0.0,
            0.0,
            0.0,
            0.0,
            0.0,
            0.0
        ],
        "OB_T_TCP": [
            1.0,
            0.0,
            0.0,
            0.0,
            0.0,
            1.0,
            0.0,
            0.0,
            0.0,
            0.0,
            1.0,
            0.0,
            0.0,
            0.0,
            0.0,
            1.0
        ],
        "OB_T_gp": [
            1.0,
            0.0,
            0.0,
            0.0,
            0.0,
            1.0,
            0.0,
            0.0,
            0.0,
            0.0,
            1.0,
            0.0,
            0.0,
            0.0,
            0.0,
            1.0
        ],
        "O_T_OB": [
            0.9999650294866161,
            0.00028945537872346935,
            0.0071135729856895156,
            0.0,
            0.00027974340259437455,
            -0.9999894009905329,
            0.0013662179299346368,
            0.0,
            0.007114030015113163,
            -0.0013642064426819475,
            -0.9999737644147099,
            0.0,
            0.6083333407636259,
            0.33128662413723653,
            0.23664705308657602,
            1.0
        ],
        "O_T_TCP": [
            0.9999650294866161,
            0.00028945537872346935,
            0.0071135729856895156,
            0.0,
            0.00027974340259437455,
            -0.9999894009905329,
            0.0013662179299346368,
            0.0,
            0.007114030015113163,
            -0.0013642064426819475,
            -0.9999737644147099,
            0.0,
            0.6083333407636259,
            0.33128662413723653,
            0.23664705308657602,
            1.0
        ],
        "geometry": null,
        "grasp_force": 0.0,
        "grasp_width": 0.0,
        "mass": 0.0,
        "name": "observe",
        "q": [
            0.3459440073869611,
            0.5302255583652264,
            0.187803218214187,
            -1.5665877921623095,
            -0.11445701398452121,
            2.091846121125751,
            1.3501843255584438
        ]
    },
    {
        "_id": "65f3636b57dfe07413073052",
        "OB_I": [
            0.0,
            0.0,
            0.0,
            0.0,
            0.0,
            0.0,
            0.0,
            0.0,
            0.0
        ],
        "OB_T_TCP": [
            1.0,
            0.0,
            0.0,
            0.0,
            0.0,
            1.0,
            0.0,
            0.0,
            0.0,
            0.0,
            1.0,
            0.0,
            0.0,
            0.0,
            0.0,
            1.0
        ],
        "OB_T_gp": [
            1.0,
            0.0,
            0.0,
            0.0,
            0.0,
            1.0,
            0.0,
            0.0,
            0.0,
            0.0,
            1.0,
            0.0,
            0.0,
            0.0,
            0.0,
            1.0
        ],
        "O_T_OB": [
            0.0341290648824769,
            0.9989770754074333,
            -0.02933865439769084,
            0.0,
            0.9992787200320924,
            -0.03458174649380318,
            -0.015062848391641067,
            0.0,
            -0.016062331392090512,
            -0.028803966649530662,
            -0.9994560185498427,
            0.0,
            -0.27153903748409997,
            0.6016748175843831,
            0.24058478569993352,
            1.0
        ],
        "O_T_TCP": [
            0.0341290648824769,
            0.9989770754074333,
            -0.02933865439769084,
            0.0,
            0.9992787200320924,
            -0.03458174649380318,
            -0.015062848391641067,
            0.0,
            -0.016062331392090512,
            -0.028803966649530662,
            -0.9994560185498427,
            0.0,
            -0.27153903748409997,
            0.6016748175843831,
            0.24058478569993352,
            1.0
        ],
        "geometry": null,
        "grasp_force": 0.0,
        "grasp_width": 0.0,
        "mass": 0.0,
        "name": "sp_shaft1",
        "q": [
            1.6408446938644339,
            0.46180202664409314,
            0.4038521069080699,
            -1.695381354750248,
            -0.17296325870354967,
            2.0984616136285994,
            1.3461262951300184
        ]
    },
    {
        "_id": "65f3637957dfe07413073053",
        "OB_I": [
            0.0,
            0.0,
            0.0,
            0.0,
            0.0,
            0.0,
            0.0,
            0.0,
            0.0
        ],
        "OB_T_TCP": [
            1.0,
            0.0,
            0.0,
            0.0,
            0.0,
            1.0,
            0.0,
            0.0,
            0.0,
            0.0,
            1.0,
            0.0,
            0.0,
            0.0,
            0.0,
            1.0
        ],
        "OB_T_gp": [
            1.0,
            0.0,
            0.0,
            0.0,
            0.0,
            1.0,
            0.0,
            0.0,
            0.0,
            0.0,
            1.0,
            0.0,
            0.0,
            0.0,
            0.0,
            1.0
        ],
        "O_T_OB": [
            0.04414296473111611,
            0.998550232651831,
            -0.030488988781691134,
            0.0,
            0.9989616227813466,
            -0.043802808383940066,
            0.011736144552070059,
            0.0,
            0.010383826460317257,
            -0.030975994309240324,
            -0.9994661894854653,
            0.0,
            -0.26837836825969313,
            0.5104141379096356,
            0.2418546257938379,
            1.0
        ],
        "O_T_TCP": [
            0.04414296473111611,
            0.998550232651831,
            -0.030488988781691134,
            0.0,
            0.9989616227813466,
            -0.043802808383940066,
            0.011736144552070059,
            0.0,
            0.010383826460317257,
            -0.030975994309240324,
            -0.9994661894854653,
            0.0,
            -0.26837836825969313,
            0.5104141379096356,
            0.2418546257938379,
            1.0
        ],
        "geometry": null,
        "grasp_force": 0.0,
        "grasp_width": 0.0,
        "mass": 0.0,
        "name": "sp_shaft2",
        "q": [
            1.6444225503142595,
            0.21419751004882376,
            0.42614262542097237,
            -2.03883945578859,
            -0.1020472758615212,
            2.1995776044125415,
            1.3834399376704072
        ]
    }
]