[
    {
        "_id": "65eb7417886cb04353024ad1",
        "OB_I": [
            0.0,
            0.0,
            0.0,
            0.0,
            0.0,
            0.0,
            0.0,
            0.0,
            0.0
        ],
        "OB_T_TCP": [
            1.0,
            0.0,
            0.0,
            0.0,
            0.0,
            1.0,
            0.0,
            0.0,
            0.0,
            0.0,
            1.0,
            0.0,
            0.0,
            0.0,
            0.0,
            1.0
        ],
        "OB_T_gp": [
            1.0,
            0.0,
            0.0,
            0.0,
            0.0,
            1.0,
            0.0,
            0.0,
            0.0,
            0.0,
            1.0,
            0.0,
            0.0,
            0.0,
            0.0,
            1.0
        ],
        "O_T_OB": [
            1.0,
            0.0,
            0.0,
            0.0,
            0.0,
            1.0,
            0.0,
            0.0,
            0.0,
            0.0,
            1.0,
            0.0,
            0.0,
            0.0,
            0.0,
            1.0
        ],
        "O_T_TCP": [
            1.0,
            0.0,
            0.0,
            0.0,
            0.0,
            1.0,
            0.0,
            0.0,
            0.0,
            0.0,
            1.0,
            0.0,
            0.0,
            0.0,
            0.0,
            1.0
        ],
        "geometry": null,
        "grasp_force": 1.0,
        "grasp_width": 0.0,
        "mass": 0.0,
        "name": "TestObject1",
        "q": [
            0.0,
            0.0,
            0.0,
            0.0,
            0.0,
            0.0,
            0.0
        ]
    },
    {
        "_id": "65eb741d2c800a25d3000d41",
        "OB_I": [
            0.0,
            0.0,
            0.0,
            0.0,
            0.0,
            0.0,
            0.0,
            0.0,
            0.0
        ],
        "OB_T_TCP": [
            1.0,
            0.0,
            0.0,
            0.0,
            0.0,
            1.0,
            0.0,
            0.0,
            0.0,
            0.0,
            1.0,
            0.0,
            0.0,
            0.0,
            0.0,
            1.0
        ],
        "OB_T_gp": [
            1.0,
            0.0,
            0.0,
            0.0,
            0.0,
            1.0,
            0.0,
            0.0,
            0.0,
            0.0,
            1.0,
            0.0,
            0.0,
            0.0,
            0.0,
            1.0
        ],
        "O_T_OB": [
            1.0,
            0.0,
            0.0,
            0.0,
            0.0,
            1.0,
            0.0,
            0.0,
            0.0,
            0.0,
            1.0,
            0.0,
            0.0,
            0.0,
            0.0,
            1.0
        ],
        "O_T_TCP": [
            1.0,
            0.0,
            0.0,
            0.0,
            0.0,
            1.0,
            0.0,
            0.0,
            0.0,
            0.0,
            1.0,
            0.0,
            0.0,
            0.0,
            0.0,
            1.0
        ],
        "geometry": null,
        "grasp_force": 0.0,
        "grasp_width": 0.0,
        "mass": 0.0,
        "name": "NullObject",
        "q": [
            0.0,
            0.0,
            0.0,
            0.0,
            0.0,
            0.0,
            0.0
        ]
    },
    {
        "_id": "65eb741d2c800a25d3000d42",
        "OB_I": [
            0.0,
            0.0,
            0.0,
            0.0,
            0.0,
            0.0,
            0.0,
            0.0,
            0.0
        ],
        "OB_T_TCP": [
            1.0,
            0.0,
            0.0,
            0.0,
            0.0,
            1.0,
            0.0,
            0.0,
            0.0,
            0.0,
            1.0,
            0.0,
            0.0,
            0.0,
            0.0,
            1.0
        ],
        "OB_T_gp": [
            1.0,
            0.0,
            0.0,
            0.0,
            0.0,
            1.0,
            0.0,
            0.0,
            0.0,
            0.0,
            1.0,
            0.0,
            0.0,
            0.0,
            0.0,
            1.0
        ],
        "O_T_OB": [
            1.0,
            0.0,
            0.0,
            0.0,
            0.0,
            1.0,
            0.0,
            0.0,
            0.0,
            0.0,
            1.0,
            0.0,
            0.0,
            0.0,
            0.0,
            1.0
        ],
        "O_T_TCP": [
            1.0,
            0.0,
            0.0,
            0.0,
            0.0,
            1.0,
            0.0,
            0.0,
            0.0,
            0.0,
            1.0,
            0.0,
            0.0,
            0.0,
            0.0,
            1.0
        ],
        "geometry": null,
        "grasp_force": 0.0,
        "grasp_width": 0.0,
        "mass": 0.0,
        "name": "NoneObject",
        "q": [
            0.0,
            0.0,
            0.0,
            0.0,
            0.0,
            0.0,
            0.0
        ]
    },
    {
        "_id": "65eb741d2c800a25d3000d43",
        "OB_I": [
            0.0,
            0.0,
            0.0,
            0.0,
            0.0,
            0.0,
            0.0,
            0.0,
            0.0
        ],
        "OB_T_TCP": [
            1.0,
            0.0,
            0.0,
            0.0,
            0.0,
            1.0,
            0.0,
            0.0,
            0.0,
            0.0,
            1.0,
            0.0,
            0.0,
            0.0,
            0.0,
            1.0
        ],
        "OB_T_gp": [
            1.0,
            0.0,
            0.0,
            0.0,
            0.0,
            1.0,
            0.0,
            0.0,
            0.0,
            0.0,
            1.0,
            0.0,
            0.0,
            0.0,
            0.0,
            1.0
        ],
        "O_T_OB": [
            -0.9971671749247119,
            -0.07408511682738264,
            0.012237958103812894,
            0.0,
            -0.07422214305607265,
            0.997169749144124,
            -0.011149518967940383,
            0.0,
            -0.011377527249762645,
            -0.012026493355390673,
            -0.999862948274039,
            0.0,
            -0.48432929787402185,
            0.2810334897138025,
            0.37223305950433444,
            1.0
        ],
        "O_T_TCP": [
            1.0,
            0.0,
            0.0,
            0.0,
            0.0,
            1.0,
            0.0,
            0.0,
            0.0,
            0.0,
            1.0,
            0.0,
            0.0,
            0.0,
            0.0,
            1.0
        ],
        "geometry": null,
        "grasp_force": 0.0,
        "grasp_width": 0.0,
        "mass": 0.0,
        "name": "EndEffector",
        "q": [
            2.498910892391414,
            0.004927555259877824,
            0.1120868133818894,
            -1.9471612110897965,
            0.016810300753069708,
            1.9557363281326794,
            0.17428947087924881
        ]
    },
    {
        "_id": "65eb74332c800a25d3000d44",
        "OB_I": [
            0.0,
            0.0,
            0.0,
            0.0,
            0.0,
            0.0,
            0.0,
            0.0,
            0.0
        ],
        "OB_T_TCP": [
            1.0,
            0.0,
            0.0,
            0.0,
            0.0,
            1.0,
            0.0,
            0.0,
            0.0,
            0.0,
            1.0,
            0.0,
            0.0,
            0.0,
            0.0,
            1.0
        ],
        "OB_T_gp": [
            1.0,
            0.0,
            0.0,
            0.0,
            0.0,
            1.0,
            0.0,
            0.0,
            0.0,
            0.0,
            1.0,
            0.0,
            0.0,
            0.0,
            0.0,
            1.0
        ],
        "O_T_OB": [
            -0.9993938589627782,
            -0.019959674635375253,
            0.02818284863431975,
            0.0,
            -0.01984070888343409,
            0.9997834226459386,
            0.0044945494306065075,
            0.0,
            -0.02826699883912122,
            0.00393273312179257,
            -0.999592672235457,
            0.0,
            -0.37484573960170936,
            0.3533845541917834,
            0.1748708579262803,
            1.0
        ],
        "O_T_TCP": [
            -0.9993938589627782,
            -0.019959674635375253,
            0.02818284863431975,
            0.0,
            -0.01984070888343409,
            0.9997834226459386,
            0.0044945494306065075,
            0.0,
            -0.02826699883912122,
            0.00393273312179257,
            -0.999592672235457,
            0.0,
            -0.37484573960170936,
            0.3533845541917834,
            0.1748708579262803,
            1.0
        ],
        "geometry": null,
        "grasp_force": 0.0,
        "grasp_width": 0.0,
        "mass": 0.0,
        "name": "screwbolt",
        "q": [
            1.6550573774574837,
            0.15321099584385517,
            0.7222888105859068,
            -2.3508161678625883,
            -0.13811986689658284,
            2.484654771697428,
            0.10289976926765454
        ]
    },
    {
        "_id": "65eb74ac2c800a25d3000d45",
        "OB_I": [
            0.0,
            0.0,
            0.0,
            0.0,
            0.0,
            0.0,
            0.0,
            0.0,
            0.0
        ],
        "OB_T_TCP": [
            1.0,
            0.0,
            0.0,
            0.0,
            0.0,
            1.0,
            0.0,
            0.0,
            0.0,
            0.0,
            1.0,
            0.0,
            0.0,
            0.0,
            0.0,
            1.0
        ],
        "OB_T_gp": [
            1.0,
            0.0,
            0.0,
            0.0,
            0.0,
            1.0,
            0.0,
            0.0,
            0.0,
            0.0,
            1.0,
            0.0,
            0.0,
            0.0,
            0.0,
            1.0
        ],
        "O_T_OB": [
            -0.9754081093603869,
            -0.21792603402093702,
            0.03268043437760813,
            0.0,
            -0.21721197651678822,
            0.9758183257555578,
            0.024047853927084306,
            0.0,
            -0.037131535089479584,
            0.016358204934740318,
            -0.9991764900322725,
            0.0,
            -0.49456060992516254,
            0.34523358993584274,
            0.18533646391614586,
            1.0
        ],
        "O_T_TCP": [
            -0.9754081093603869,
            -0.21792603402093702,
            0.03268043437760813,
            0.0,
            -0.21721197651678822,
            0.9758183257555578,
            0.024047853927084306,
            0.0,
            -0.037131535089479584,
            0.016358204934740318,
            -0.9991764900322725,
            0.0,
            -0.49456060992516254,
            0.34523358993584274,
            0.18533646391614586,
            1.0
        ],
        "geometry": null,
        "grasp_force": 0.0,
        "grasp_width": 0.0,
        "mass": 0.0,
        "name": "screwhole",
        "q": [
            1.331823483964853,
            1.2933396335568335,
            1.6098604303502224,
            -1.920375438578031,
            -1.3170606204536117,
            1.6645034709950923,
            0.6755126488672281
        ]
    },
    {
        "_id": "65eb8ec1d3061a79e90e03d1",
        "OB_I": [
            0.0,
            0.0,
            0.0,
            0.0,
            0.0,
            0.0,
            0.0,
            0.0,
            0.0
        ],
        "OB_T_TCP": [
            1.0,
            0.0,
            0.0,
            0.0,
            0.0,
            1.0,
            0.0,
            0.0,
            0.0,
            0.0,
            1.0,
            0.0,
            0.0,
            0.0,
            0.0,
            1.0
        ],
        "OB_T_gp": [
            1.0,
            0.0,
            0.0,
            0.0,
            0.0,
            1.0,
            0.0,
            0.0,
            0.0,
            0.0,
            1.0,
            0.0,
            0.0,
            0.0,
            0.0,
            1.0
        ],
        "O_T_OB": [
            1.0,
            0.0,
            0.0,
            0.0,
            0.0,
            -1.0,
            0.0,
            0.0,
            0.0,
            0.0,
            -1.0,
            0.0,
            0.521827226443675,
            0.25840698062581857,
            0.27517533664525384,
            1.0
        ],
        "O_T_TCP": [
            1.0,
            0.0,
            0.0,
            0.0,
            0.0,
            -1.0,
            0.0,
            0.0,
            0.0,
            0.0,
            -1.0,
            0.0,
            0.521827226443675,
            0.25840698062581857,
            0.27517533664525384,
            1.0
        ],
        "geometry": null,
        "grasp_force": 0.0,
        "grasp_width": 0.0,
        "mass": 0.0,
        "name": "test",
        "q": [
            0.18074043324946532,
            0.1335626147107068,
            0.2868349701521744,
            -2.060772508320055,
            -0.04825592930051324,
            2.2430690224108654,
            1.2386451794617466
        ]
    },
    {
        "_id": "65ef6331e99f2576ba086061",
        "OB_I": [
            0.0,
            0.0,
            0.0,
            0.0,
            0.0,
            0.0,
            0.0,
            0.0,
            0.0
        ],
        "OB_T_TCP": [
            1.0,
            0.0,
            0.0,
            0.0,
            0.0,
            1.0,
            0.0,
            0.0,
            0.0,
            0.0,
            1.0,
            0.0,
            0.0,
            0.0,
            0.0,
            1.0
        ],
        "OB_T_gp": [
            1.0,
            0.0,
            0.0,
            0.0,
            0.0,
            1.0,
            0.0,
            0.0,
            0.0,
            0.0,
            1.0,
            0.0,
            0.0,
            0.0,
            0.0,
            1.0
        ],
        "O_T_OB": [
            -0.9999511693327637,
            0.005795104725127399,
            0.006694969191221638,
            0.0,
            0.005676923956787325,
            0.9998204500065859,
            -0.017538163650304785,
            0.0,
            -0.00679553343966406,
            -0.017499637341326747,
            -0.9998237761816791,
            0.0,
            -0.28525213823562634,
            0.5657042239474747,
            0.23866900068692073,
            1.0
        ],
        "O_T_TCP": [
            -0.9999511693327637,
            0.005795104725127399,
            0.006694969191221638,
            0.0,
            0.005676923956787325,
            0.9998204500065859,
            -0.017538163650304785,
            0.0,
            -0.00679553343966406,
            -0.017499637341326747,
            -0.9998237761816791,
            0.0,
            -0.28525213823562634,
            0.5657042239474747,
            0.23866900068692073,
            1.0
        ],
        "geometry": null,
        "grasp_force": 0.0,
        "grasp_width": 0.0,
        "mass": 0.0,
        "name": "normalcontainer",
        "q": [
            1.48723348463888,
            0.4174561200767826,
            0.6111280596883836,
            -1.8220793050632123,
            -0.26309194494459087,
            2.141865217341235,
            -0.1461896891569508
        ]
    },
    {
        "_id": "65ef6455e99f2576ba086062",
        "OB_I": [
            0.0,
            0.0,
            0.0,
            0.0,
            0.0,
            0.0,
            0.0,
            0.0,
            0.0
        ],
        "OB_T_TCP": [
            1.0,
            0.0,
            0.0,
            0.0,
            0.0,
            1.0,
            0.0,
            0.0,
            0.0,
            0.0,
            1.0,
            0.0,
            0.0,
            0.0,
            0.0,
            1.0
        ],
        "OB_T_gp": [
            1.0,
            0.0,
            0.0,
            0.0,
            0.0,
            1.0,
            0.0,
            0.0,
            0.0,
            0.0,
            1.0,
            0.0,
            0.0,
            0.0,
            0.0,
            1.0
        ],
        "O_T_OB": [
            -0.9990336274326229,
            -0.043224038692152265,
            0.006651363706987428,
            0.0,
            -0.04306611338611579,
            0.9988138548284101,
            0.022292155163513752,
            0.0,
            -0.00760717766310412,
            0.02198458752415408,
            -0.9997293677587924,
            0.0,
            -0.2767815159120372,
            0.4389463906506993,
            0.3408536221713534,
            1.0
        ],
        "O_T_TCP": [
            -0.9990336274326229,
            -0.043224038692152265,
            0.006651363706987428,
            0.0,
            -0.04306611338611579,
            0.9988138548284101,
            0.022292155163513752,
            0.0,
            -0.00760717766310412,
            0.02198458752415408,
            -0.9997293677587924,
            0.0,
            -0.2767815159120372,
            0.4389463906506993,
            0.3408536221713534,
            1.0
        ],
        "geometry": null,
        "grasp_force": 0.0,
        "grasp_width": 0.0,
        "mass": 0.0,
        "name": "normalpickplace",
        "q": [
            1.6710431030315733,
            -0.11933810338041052,
            0.44976917909321673,
            -2.1647275869469373,
            0.053616515815126296,
            2.079309125394282,
            -0.3063374023692766
        ]
    },
    {
        "_id": "65f0c57f8fca00707f09dc71",
        "OB_I": [
            0.0,
            0.0,
            0.0,
            0.0,
            0.0,
            0.0,
            0.0,
            0.0,
            0.0
        ],
        "OB_T_TCP": [
            1.0,
            0.0,
            0.0,
            0.0,
            0.0,
            1.0,
            0.0,
            0.0,
            0.0,
            0.0,
            1.0,
            0.0,
            0.0,
            0.0,
            0.0,
            1.0
        ],
        "OB_T_gp": [
            1.0,
            0.0,
            0.0,
            0.0,
            0.0,
            1.0,
            0.0,
            0.0,
            0.0,
            0.0,
            1.0,
            0.0,
            0.0,
            0.0,
            0.0,
            1.0
        ],
        "O_T_OB": [
            0.9943836026315849,
            -0.0968288341608145,
            -0.042499112857760084,
            0.0,
            -0.09580790301125691,
            -0.9950650220230038,
            0.025440019028163983,
            0.0,
            -0.04475356970019007,
            -0.021225795551839743,
            -0.9987725384702374,
            0.0,
            0.47926793066474926,
            0.23916614873158387,
            -0.004146619879005292,
            1.0
        ],
        "O_T_TCP": [
            0.9943836026315849,
            -0.0968288341608145,
            -0.042499112857760084,
            0.0,
            -0.09580790301125691,
            -0.9950650220230038,
            0.025440019028163983,
            0.0,
            -0.04475356970019007,
            -0.021225795551839743,
            -0.9987725384702374,
            0.0,
            0.47926793066474926,
            0.23916614873158387,
            -0.004146619879005292,
            1.0
        ],
        "geometry": null,
        "grasp_force": 0.0,
        "grasp_width": 0.0,
        "mass": 0.0,
        "name": "p2_sp",
        "q": [
            0.30748095076589516,
            0.6224689720722666,
            0.1322143079238894,
            -2.174735181272256,
            -0.1994334632820553,
            2.7361665597756706,
            1.4845305872601067
        ]
    },
    {
        "_id": "65f0c58a8fca00707f09dc72",
        "OB_I": [
            0.0,
            0.0,
            0.0,
            0.0,
            0.0,
            0.0,
            0.0,
            0.0,
            0.0
        ],
        "OB_T_TCP": [
            1.0,
            0.0,
            0.0,
            0.0,
            0.0,
            1.0,
            0.0,
            0.0,
            0.0,
            0.0,
            1.0,
            0.0,
            0.0,
            0.0,
            0.0,
            1.0
        ],
        "OB_T_gp": [
            1.0,
            0.0,
            0.0,
            0.0,
            0.0,
            1.0,
            0.0,
            0.0,
            0.0,
            0.0,
            1.0,
            0.0,
            0.0,
            0.0,
            0.0,
            1.0
        ],
        "O_T_OB": [
            1.0,
            0.0,
            0.0,
            0.0,
            0.0,
            -1.0,
            0.0,
            0.0,
            0.0,
            0.0,
            -1.0,
            0.0,
            0.47926574591224724,
            0.2391667486795837,
            0.000851668509789333,
            1.0
        ],
        "O_T_TCP": [
            1.0,
            0.0,
            0.0,
            0.0,
            0.0,
            -1.0,
            0.0,
            0.0,
            0.0,
            0.0,
            -1.0,
            0.0,
            0.47926574591224724,
            0.2391667486795837,
            0.000851668509789333,
            1.0
        ],
        "geometry": null,
        "grasp_force": 0.0,
        "grasp_width": 0.0,
        "mass": 0.0,
        "name": "p2_sp1",
        "q": [
            0.3074809791130353,
            0.6224715037264296,
            0.1322163470370205,
            -2.1747368392604187,
            -0.1994324504037289,
            2.7361665597756706,
            1.4845236736801344
        ]
    },
    {
        "_id": "65f0c90302781731fa077fc1",
        "OB_I": [
            0.0,
            0.0,
            0.0,
            0.0,
            0.0,
            0.0,
            0.0,
            0.0,
            0.0
        ],
        "OB_T_TCP": [
            1.0,
            0.0,
            0.0,
            0.0,
            0.0,
            1.0,
            0.0,
            0.0,
            0.0,
            0.0,
            1.0,
            0.0,
            0.0,
            0.0,
            0.0,
            1.0
        ],
        "OB_T_gp": [
            1.0,
            0.0,
            0.0,
            0.0,
            0.0,
            1.0,
            0.0,
            0.0,
            0.0,
            0.0,
            1.0,
            0.0,
            0.0,
            0.0,
            0.0,
            1.0
        ],
        "O_T_OB": [
            1.0,
            0.0,
            0.0,
            0.0,
            0.0,
            -1.0,
            0.0,
            0.0,
            0.0,
            0.0,
            -1.0,
            0.0,
            0.46427543988270176,
            0.09451115271991717,
            0.27356154422388645,
            1.0
        ],
        "O_T_TCP": [
            1.0,
            0.0,
            0.0,
            0.0,
            0.0,
            -1.0,
            0.0,
            0.0,
            0.0,
            0.0,
            -1.0,
            0.0,
            0.46427543988270176,
            0.09451115271991717,
            0.27356154422388645,
            1.0
        ],
        "geometry": null,
        "grasp_force": 0.0,
        "grasp_width": 0.0,
        "mass": 0.0,
        "name": "p3_sp1",
        "q": [
            -0.15396518107882165,
            -0.13305540426572163,
            0.35980236073607763,
            -2.3169006355352564,
            0.009758118150134882,
            2.1126170528729755,
            0.5451880992129445
        ]
    },
    {
        "_id": "65f0d3e8fb84cf2a120e3631",
        "OB_I": [
            0.0,
            0.0,
            0.0,
            0.0,
            0.0,
            0.0,
            0.0,
            0.0,
            0.0
        ],
        "OB_T_TCP": [
            1.0,
            0.0,
            0.0,
            0.0,
            0.0,
            1.0,
            0.0,
            0.0,
            0.0,
            0.0,
            1.0,
            0.0,
            0.0,
            0.0,
            0.0,
            1.0
        ],
        "OB_T_gp": [
            1.0,
            0.0,
            0.0,
            0.0,
            0.0,
            1.0,
            0.0,
            0.0,
            0.0,
            0.0,
            1.0,
            0.0,
            0.0,
            0.0,
            0.0,
            1.0
        ],
        "O_T_OB": [
            1.0,
            0.0,
            0.0,
            0.0,
            0.0,
            -1.0,
            0.0,
            0.0,
            0.0,
            0.0,
            -1.0,
            0.0,
            0.6880759848080192,
            0.23697792849771698,
            0.24691212085827882,
            1.0
        ],
        "O_T_TCP": [
            1.0,
            0.0,
            0.0,
            0.0,
            0.0,
            -1.0,
            0.0,
            0.0,
            0.0,
            0.0,
            -1.0,
            0.0,
            0.6880759848080192,
            0.23697792849771698,
            0.24691212085827882,
            1.0
        ],
        "geometry": null,
        "grasp_force": 0.0,
        "grasp_width": 0.0,
        "mass": 0.0,
        "name": "p4_sp1",
        "q": [
            0.28226058822451977,
            0.6121795218116358,
            0.07728357154549213,
            -1.405678696857797,
            -0.09612049579315013,
            2.0572903097410777,
            0.772790184580692
        ]
    },
    {
        "_id": "65f0d464fb84cf2a120e3632",
        "OB_I": [
            0.0,
            0.0,
            0.0,
            0.0,
            0.0,
            0.0,
            0.0,
            0.0,
            0.0
        ],
        "OB_T_TCP": [
            1.0,
            0.0,
            0.0,
            0.0,
            0.0,
            1.0,
            0.0,
            0.0,
            0.0,
            0.0,
            1.0,
            0.0,
            0.0,
            0.0,
            0.0,
            1.0
        ],
        "OB_T_gp": [
            1.0,
            0.0,
            0.0,
            0.0,
            0.0,
            1.0,
            0.0,
            0.0,
            0.0,
            0.0,
            1.0,
            0.0,
            0.0,
            0.0,
            0.0,
            1.0
        ],
        "O_T_OB": [
            1.0,
            0.0,
            0.0,
            0.0,
            0.0,
            -1.0,
            0.0,
            0.0,
            0.0,
            0.0,
            -1.0,
            0.0,
            0.5753072320945516,
            0.35772376513316784,
            0.22929512401381655,
            1.0
        ],
        "O_T_TCP": [
            1.0,
            0.0,
            0.0,
            0.0,
            0.0,
            -1.0,
            0.0,
            0.0,
            0.0,
            0.0,
            -1.0,
            0.0,
            0.5753072320945516,
            0.35772376513316784,
            0.22929512401381655,
            1.0
        ],
        "geometry": null,
        "grasp_force": 0.0,
        "grasp_width": 0.0,
        "mass": 0.0,
        "name": "p4_sp2",
        "q": [
            0.5236941784766681,
            0.46791346897149877,
            0.052360733283235594,
            -1.6832814310630315,
            -0.0989316663477156,
            2.1822466918627415,
            1.325044317010376
        ]
    },
    {
        "_id": "65f32b512aae7f1d4308a7b1",
        "OB_I": [
            0.0,
            0.0,
            0.0,
            0.0,
            0.0,
            0.0,
            0.0,
            0.0,
            0.0
        ],
        "OB_T_TCP": [
            1.0,
            0.0,
            0.0,
            0.0,
            0.0,
            1.0,
            0.0,
            0.0,
            0.0,
            0.0,
            1.0,
            0.0,
            0.0,
            0.0,
            0.0,
            1.0
        ],
        "OB_T_gp": [
            1.0,
            0.0,
            0.0,
            0.0,
            0.0,
            1.0,
            0.0,
            0.0,
            0.0,
            0.0,
            1.0,
            0.0,
            0.0,
            0.0,
            0.0,
            1.0
        ],
        "O_T_OB": [
            0.08009874125275696,
            0.9678025193124069,
            0.23858588005892276,
            0.0,
            0.9965866221100188,
            -0.07307428233946373,
            -0.03815757844941213,
            0.0,
            -0.01949488392949292,
            0.24083250706616996,
            -0.970370884270957,
            0.0,
            0.011456568303596941,
            0.3093701710869116,
            0.6560632707334411,
            1.0
        ],
        "O_T_TCP": [
            0.08009874125275696,
            0.9678025193124069,
            0.23858588005892276,
            0.0,
            0.9965866221100188,
            -0.07307428233946373,
            -0.03815757844941213,
            0.0,
            -0.01949488392949292,
            0.24083250706616996,
            -0.970370884270957,
            0.0,
            0.011456568303596941,
            0.3093701710869116,
            0.6560632707334411,
            1.0
        ],
        "geometry": null,
        "grasp_force": 0.0,
        "grasp_width": 0.0,
        "mass": 0.0,
        "name": "initialposition4",
        "q": [
            1.5685654488138667,
            -0.744127185242312,
            -0.02750540666985012,
            -1.9386031585457497,
            0.006881550318673541,
            1.4373830195524373,
            0.8402223529073997
        ]
    },
    {
        "_id": "65f32c042aae7f1d4308a7b2",
        "OB_I": [
            0.0,
            0.0,
            0.0,
            0.0,
            0.0,
            0.0,
            0.0,
            0.0,
            0.0
        ],
        "OB_T_TCP": [
            1.0,
            0.0,
            0.0,
            0.0,
            0.0,
            1.0,
            0.0,
            0.0,
            0.0,
            0.0,
            1.0,
            0.0,
            0.0,
            0.0,
            0.0,
            1.0
        ],
        "OB_T_gp": [
            1.0,
            0.0,
            0.0,
            0.0,
            0.0,
            1.0,
            0.0,
            0.0,
            0.0,
            0.0,
            1.0,
            0.0,
            0.0,
            0.0,
            0.0,
            1.0
        ],
        "O_T_OB": [
            -0.9973517269792552,
            -0.07182856724856343,
            0.010532640681439017,
            0.0,
            -0.0718743913004388,
            0.9973958653326211,
            -0.0040381423688853335,
            0.0,
            -0.01021535496323699,
            -0.0047845675209116844,
            -0.9999363751942486,
            0.0,
            -0.4845312667796605,
            0.2787442395474375,
            0.3655360680522394,
            1.0
        ],
        "O_T_TCP": [
            -0.9973517269792552,
            -0.07182856724856343,
            0.010532640681439017,
            0.0,
            -0.0718743913004388,
            0.9973958653326211,
            -0.0040381423688853335,
            0.0,
            -0.01021535496323699,
            -0.0047845675209116844,
            -0.9999363751942486,
            0.0,
            -0.4845312667796605,
            0.2787442395474375,
            0.3655360680522394,
            1.0
        ],
        "geometry": null,
        "grasp_force": 0.0,
        "grasp_width": 0.0,
        "mass": 0.0,
        "name": "gear1",
        "q": [
            1.7656999614621554,
            0.00611851440141337,
            0.8526876161809552,
            -1.9661423878291835,
            0.005051759417305576,
            1.9766216791470843,
            0.18827315614486706
        ]
    },
    {
        "_id": "65f32d513d9b116ec2020011",
        "OB_I": [
            0.0,
            0.0,
            0.0,
            0.0,
            0.0,
            0.0,
            0.0,
            0.0,
            0.0
        ],
        "OB_T_TCP": [
            1.0,
            0.0,
            0.0,
            0.0,
            0.0,
            1.0,
            0.0,
            0.0,
            0.0,
            0.0,
            1.0,
            0.0,
            0.0,
            0.0,
            0.0,
            1.0
        ],
        "OB_T_gp": [
            1.0,
            0.0,
            0.0,
            0.0,
            0.0,
            1.0,
            0.0,
            0.0,
            0.0,
            0.0,
            1.0,
            0.0,
            0.0,
            0.0,
            0.0,
            1.0
        ],
        "O_T_OB": [
            -0.45572411600412527,
            0.8900954860745709,
            -0.0051286122041071976,
            0.0,
            0.890062684780662,
            0.4557517643247159,
            0.007713195003142733,
            0.0,
            0.009203031302940302,
            -0.0010497175835281363,
            -0.999957100233721,
            0.0,
            -0.3067364005816951,
            0.21929096272579776,
            0.41811326749729216,
            1.0
        ],
        "O_T_TCP": [
            -0.45572411600412527,
            0.8900954860745709,
            -0.0051286122041071976,
            0.0,
            0.890062684780662,
            0.4557517643247159,
            0.007713195003142733,
            0.0,
            0.009203031302940302,
            -0.0010497175835281363,
            -0.999957100233721,
            0.0,
            -0.3067364005816951,
            0.21929096272579776,
            0.41811326749729216,
            1.0
        ],
        "geometry": null,
        "grasp_force": 0.0,
        "grasp_width": 0.0,
        "mass": 0.0,
        "name": "p4_n1",
        "q": [
            1.765150419290651,
            -0.7128181948715463,
            0.5863144904939752,
            -2.373621218649856,
            0.36856206523047547,
            1.7312944560050965,
            0.9080589480610101
        ]
    },
    {
        "_id": "65f32e523d9b116ec2020012",
        "OB_I": [
            0.0,
            0.0,
            0.0,
            0.0,
            0.0,
            0.0,
            0.0,
            0.0,
            0.0
        ],
        "OB_T_TCP": [
            1.0,
            0.0,
            0.0,
            0.0,
            0.0,
            1.0,
            0.0,
            0.0,
            0.0,
            0.0,
            1.0,
            0.0,
            0.0,
            0.0,
            0.0,
            1.0
        ],
        "OB_T_gp": [
            1.0,
            0.0,
            0.0,
            0.0,
            0.0,
            1.0,
            0.0,
            0.0,
            0.0,
            0.0,
            1.0,
            0.0,
            0.0,
            0.0,
            0.0,
            1.0
        ],
        "O_T_OB": [
            -0.5795607653930256,
            0.8144478085288553,
            0.027655619696610772,
            0.0,
            0.812663200497495,
            0.5801471497752977,
            -0.05466766929342204,
            0.0,
            -0.06056945854543529,
            -0.009208709139745983,
            -0.9981215058135419,
            0.0,
            -0.3018067869677364,
            0.21347095602128882,
            0.5044969485843687,
            1.0
        ],
        "O_T_TCP": [
            -0.5795607653930256,
            0.8144478085288553,
            0.027655619696610772,
            0.0,
            0.812663200497495,
            0.5801471497752977,
            -0.05466766929342204,
            0.0,
            -0.06056945854543529,
            -0.009208709139745983,
            -0.9981215058135419,
            0.0,
            -0.3018067869677364,
            0.21347095602128882,
            0.5044969485843687,
            1.0
        ],
        "geometry": null,
        "grasp_force": 0.0,
        "grasp_width": 0.0,
        "mass": 0.0,
        "name": "p4_n1_above",
        "q": [
            2.367753699133986,
            -0.6141025635759121,
            0.09455957488009804,
            -2.20885624538338,
            0.10054808651036064,
            1.6372959554981268,
            1.0369381578692933
        ]
    }
]