[
    {
        "_id": "65eb7417886cb04353024ad1",
        "OB_I": [
            0.0,
            0.0,
            0.0,
            0.0,
            0.0,
            0.0,
            0.0,
            0.0,
            0.0
        ],
        "OB_T_TCP": [
            1.0,
            0.0,
            0.0,
            0.0,
            0.0,
            1.0,
            0.0,
            0.0,
            0.0,
            0.0,
            1.0,
            0.0,
            0.0,
            0.0,
            0.0,
            1.0
        ],
        "OB_T_gp": [
            1.0,
            0.0,
            0.0,
            0.0,
            0.0,
            1.0,
            0.0,
            0.0,
            0.0,
            0.0,
            1.0,
            0.0,
            0.0,
            0.0,
            0.0,
            1.0
        ],
        "O_T_OB": [
            1.0,
            0.0,
            0.0,
            0.0,
            0.0,
            1.0,
            0.0,
            0.0,
            0.0,
            0.0,
            1.0,
            0.0,
            0.0,
            0.0,
            0.0,
            1.0
        ],
        "O_T_TCP": [
            1.0,
            0.0,
            0.0,
            0.0,
            0.0,
            1.0,
            0.0,
            0.0,
            0.0,
            0.0,
            1.0,
            0.0,
            0.0,
            0.0,
            0.0,
            1.0
        ],
        "geometry": null,
        "grasp_force": 1.0,
        "grasp_width": 0.0,
        "mass": 0.0,
        "name": "TestObject1",
        "q": [
            0.0,
            0.0,
            0.0,
            0.0,
            0.0,
            0.0,
            0.0
        ]
    },
    {
        "_id": "65eb741d2c800a25d3000d41",
        "OB_I": [
            0.0,
            0.0,
            0.0,
            0.0,
            0.0,
            0.0,
            0.0,
            0.0,
            0.0
        ],
        "OB_T_TCP": [
            1.0,
            0.0,
            0.0,
            0.0,
            0.0,
            1.0,
            0.0,
            0.0,
            0.0,
            0.0,
            1.0,
            0.0,
            0.0,
            0.0,
            0.0,
            1.0
        ],
        "OB_T_gp": [
            1.0,
            0.0,
            0.0,
            0.0,
            0.0,
            1.0,
            0.0,
            0.0,
            0.0,
            0.0,
            1.0,
            0.0,
            0.0,
            0.0,
            0.0,
            1.0
        ],
        "O_T_OB": [
            1.0,
            0.0,
            0.0,
            0.0,
            0.0,
            1.0,
            0.0,
            0.0,
            0.0,
            0.0,
            1.0,
            0.0,
            0.0,
            0.0,
            0.0,
            1.0
        ],
        "O_T_TCP": [
            1.0,
            0.0,
            0.0,
            0.0,
            0.0,
            1.0,
            0.0,
            0.0,
            0.0,
            0.0,
            1.0,
            0.0,
            0.0,
            0.0,
            0.0,
            1.0
        ],
        "geometry": null,
        "grasp_force": 0.0,
        "grasp_width": 0.0,
        "mass": 0.0,
        "name": "NullObject",
        "q": [
            0.0,
            0.0,
            0.0,
            0.0,
            0.0,
            0.0,
            0.0
        ]
    },
    {
        "_id": "65eb741d2c800a25d3000d42",
        "OB_I": [
            0.0,
            0.0,
            0.0,
            0.0,
            0.0,
            0.0,
            0.0,
            0.0,
            0.0
        ],
        "OB_T_TCP": [
            1.0,
            0.0,
            0.0,
            0.0,
            0.0,
            1.0,
            0.0,
            0.0,
            0.0,
            0.0,
            1.0,
            0.0,
            0.0,
            0.0,
            0.0,
            1.0
        ],
        "OB_T_gp": [
            1.0,
            0.0,
            0.0,
            0.0,
            0.0,
            1.0,
            0.0,
            0.0,
            0.0,
            0.0,
            1.0,
            0.0,
            0.0,
            0.0,
            0.0,
            1.0
        ],
        "O_T_OB": [
            1.0,
            0.0,
            0.0,
            0.0,
            0.0,
            1.0,
            0.0,
            0.0,
            0.0,
            0.0,
            1.0,
            0.0,
            0.0,
            0.0,
            0.0,
            1.0
        ],
        "O_T_TCP": [
            1.0,
            0.0,
            0.0,
            0.0,
            0.0,
            1.0,
            0.0,
            0.0,
            0.0,
            0.0,
            1.0,
            0.0,
            0.0,
            0.0,
            0.0,
            1.0
        ],
        "geometry": null,
        "grasp_force": 0.0,
        "grasp_width": 0.0,
        "mass": 0.0,
        "name": "NoneObject",
        "q": [
            0.0,
            0.0,
            0.0,
            0.0,
            0.0,
            0.0,
            0.0
        ]
    },
    {
        "_id": "65eb741d2c800a25d3000d43",
        "OB_I": [
            0.0,
            0.0,
            0.0,
            0.0,
            0.0,
            0.0,
            0.0,
            0.0,
            0.0
        ],
        "OB_T_TCP": [
            1.0,
            0.0,
            0.0,
            0.0,
            0.0,
            1.0,
            0.0,
            0.0,
            0.0,
            0.0,
            1.0,
            0.0,
            0.0,
            0.0,
            0.0,
            1.0
        ],
        "OB_T_gp": [
            1.0,
            0.0,
            0.0,
            0.0,
            0.0,
            1.0,
            0.0,
            0.0,
            0.0,
            0.0,
            1.0,
            0.0,
            0.0,
            0.0,
            0.0,
            1.0
        ],
        "O_T_OB": [
            -0.9999511699270892,
            0.005794061956509017,
            0.006695782904041028,
            0.0,
            0.0056759473854195944,
            0.999820662703163,
            -0.01752635028447886,
            0.0,
            -0.006796261708952665,
            -0.017487826254895686,
            -0.9998239778879391,
            0.0,
            -0.2852537173209552,
            0.5657060271071147,
            0.23867322551492684,
            1.0
        ],
        "O_T_TCP": [
            1.0,
            0.0,
            0.0,
            0.0,
            0.0,
            1.0,
            0.0,
            0.0,
            0.0,
            0.0,
            1.0,
            0.0,
            0.0,
            0.0,
            0.0,
            1.0
        ],
        "geometry": null,
        "grasp_force": 0.0,
        "grasp_width": 0.0,
        "mass": 0.0,
        "name": "EndEffector",
        "q": [
            1.4872358082579535,
            0.41745146832435265,
            0.61112805981138,
            -1.8220760069390711,
            -0.2630953468801014,
            2.1418685149351755,
            -0.14618728077231583
        ]
    },
    {
        "_id": "65eb74332c800a25d3000d44",
        "OB_I": [
            0.0,
            0.0,
            0.0,
            0.0,
            0.0,
            0.0,
            0.0,
            0.0,
            0.0
        ],
        "OB_T_TCP": [
            1.0,
            0.0,
            0.0,
            0.0,
            0.0,
            1.0,
            0.0,
            0.0,
            0.0,
            0.0,
            1.0,
            0.0,
            0.0,
            0.0,
            0.0,
            1.0
        ],
        "OB_T_gp": [
            1.0,
            0.0,
            0.0,
            0.0,
            0.0,
            1.0,
            0.0,
            0.0,
            0.0,
            0.0,
            1.0,
            0.0,
            0.0,
            0.0,
            0.0,
            1.0
        ],
        "O_T_OB": [
            -0.9993938589627782,
            -0.019959674635375253,
            0.02818284863431975,
            0.0,
            -0.01984070888343409,
            0.9997834226459386,
            0.0044945494306065075,
            0.0,
            -0.02826699883912122,
            0.00393273312179257,
            -0.999592672235457,
            0.0,
            -0.37484573960170936,
            0.3533845541917834,
            0.1748708579262803,
            1.0
        ],
        "O_T_TCP": [
            -0.9993938589627782,
            -0.019959674635375253,
            0.02818284863431975,
            0.0,
            -0.01984070888343409,
            0.9997834226459386,
            0.0044945494306065075,
            0.0,
            -0.02826699883912122,
            0.00393273312179257,
            -0.999592672235457,
            0.0,
            -0.37484573960170936,
            0.3533845541917834,
            0.1748708579262803,
            1.0
        ],
        "geometry": null,
        "grasp_force": 0.0,
        "grasp_width": 0.0,
        "mass": 0.0,
        "name": "screwbolt",
        "q": [
            1.6550573774574837,
            0.15321099584385517,
            0.7222888105859068,
            -2.3508161678625883,
            -0.13811986689658284,
            2.484654771697428,
            0.10289976926765454
        ]
    },
    {
        "_id": "65eb74ac2c800a25d3000d45",
        "OB_I": [
            0.0,
            0.0,
            0.0,
            0.0,
            0.0,
            0.0,
            0.0,
            0.0,
            0.0
        ],
        "OB_T_TCP": [
            1.0,
            0.0,
            0.0,
            0.0,
            0.0,
            1.0,
            0.0,
            0.0,
            0.0,
            0.0,
            1.0,
            0.0,
            0.0,
            0.0,
            0.0,
            1.0
        ],
        "OB_T_gp": [
            1.0,
            0.0,
            0.0,
            0.0,
            0.0,
            1.0,
            0.0,
            0.0,
            0.0,
            0.0,
            1.0,
            0.0,
            0.0,
            0.0,
            0.0,
            1.0
        ],
        "O_T_OB": [
            -0.9754081093603869,
            -0.21792603402093702,
            0.03268043437760813,
            0.0,
            -0.21721197651678822,
            0.9758183257555578,
            0.024047853927084306,
            0.0,
            -0.037131535089479584,
            0.016358204934740318,
            -0.9991764900322725,
            0.0,
            -0.49456060992516254,
            0.34523358993584274,
            0.18533646391614586,
            1.0
        ],
        "O_T_TCP": [
            -0.9754081093603869,
            -0.21792603402093702,
            0.03268043437760813,
            0.0,
            -0.21721197651678822,
            0.9758183257555578,
            0.024047853927084306,
            0.0,
            -0.037131535089479584,
            0.016358204934740318,
            -0.9991764900322725,
            0.0,
            -0.49456060992516254,
            0.34523358993584274,
            0.18533646391614586,
            1.0
        ],
        "geometry": null,
        "grasp_force": 0.0,
        "grasp_width": 0.0,
        "mass": 0.0,
        "name": "screwhole",
        "q": [
            1.331823483964853,
            1.2933396335568335,
            1.6098604303502224,
            -1.920375438578031,
            -1.3170606204536117,
            1.6645034709950923,
            0.6755126488672281
        ]
    },
    {
        "_id": "65eb8ec1d3061a79e90e03d1",
        "OB_I": [
            0.0,
            0.0,
            0.0,
            0.0,
            0.0,
            0.0,
            0.0,
            0.0,
            0.0
        ],
        "OB_T_TCP": [
            1.0,
            0.0,
            0.0,
            0.0,
            0.0,
            1.0,
            0.0,
            0.0,
            0.0,
            0.0,
            1.0,
            0.0,
            0.0,
            0.0,
            0.0,
            1.0
        ],
        "OB_T_gp": [
            1.0,
            0.0,
            0.0,
            0.0,
            0.0,
            1.0,
            0.0,
            0.0,
            0.0,
            0.0,
            1.0,
            0.0,
            0.0,
            0.0,
            0.0,
            1.0
        ],
        "O_T_OB": [
            1.0,
            0.0,
            0.0,
            0.0,
            0.0,
            -1.0,
            0.0,
            0.0,
            0.0,
            0.0,
            -1.0,
            0.0,
            0.521827226443675,
            0.25840698062581857,
            0.27517533664525384,
            1.0
        ],
        "O_T_TCP": [
            1.0,
            0.0,
            0.0,
            0.0,
            0.0,
            -1.0,
            0.0,
            0.0,
            0.0,
            0.0,
            -1.0,
            0.0,
            0.521827226443675,
            0.25840698062581857,
            0.27517533664525384,
            1.0
        ],
        "geometry": null,
        "grasp_force": 0.0,
        "grasp_width": 0.0,
        "mass": 0.0,
        "name": "test",
        "q": [
            0.18074043324946532,
            0.1335626147107068,
            0.2868349701521744,
            -2.060772508320055,
            -0.04825592930051324,
            2.2430690224108654,
            1.2386451794617466
        ]
    },
    {
        "_id": "65ef6331e99f2576ba086061",
        "OB_I": [
            0.0,
            0.0,
            0.0,
            0.0,
            0.0,
            0.0,
            0.0,
            0.0,
            0.0
        ],
        "OB_T_TCP": [
            1.0,
            0.0,
            0.0,
            0.0,
            0.0,
            1.0,
            0.0,
            0.0,
            0.0,
            0.0,
            1.0,
            0.0,
            0.0,
            0.0,
            0.0,
            1.0
        ],
        "OB_T_gp": [
            1.0,
            0.0,
            0.0,
            0.0,
            0.0,
            1.0,
            0.0,
            0.0,
            0.0,
            0.0,
            1.0,
            0.0,
            0.0,
            0.0,
            0.0,
            1.0
        ],
        "O_T_OB": [
            -0.9999511693327637,
            0.005795104725127399,
            0.006694969191221638,
            0.0,
            0.005676923956787325,
            0.9998204500065859,
            -0.017538163650304785,
            0.0,
            -0.00679553343966406,
            -0.017499637341326747,
            -0.9998237761816791,
            0.0,
            -0.28525213823562634,
            0.5657042239474747,
            0.23866900068692073,
            1.0
        ],
        "O_T_TCP": [
            -0.9999511693327637,
            0.005795104725127399,
            0.006694969191221638,
            0.0,
            0.005676923956787325,
            0.9998204500065859,
            -0.017538163650304785,
            0.0,
            -0.00679553343966406,
            -0.017499637341326747,
            -0.9998237761816791,
            0.0,
            -0.28525213823562634,
            0.5657042239474747,
            0.23866900068692073,
            1.0
        ],
        "geometry": null,
        "grasp_force": 0.0,
        "grasp_width": 0.0,
        "mass": 0.0,
        "name": "normalcontainer",
        "q": [
            1.48723348463888,
            0.4174561200767826,
            0.6111280596883836,
            -1.8220793050632123,
            -0.26309194494459087,
            2.141865217341235,
            -0.1461896891569508
        ]
    },
    {
        "_id": "65ef6455e99f2576ba086062",
        "OB_I": [
            0.0,
            0.0,
            0.0,
            0.0,
            0.0,
            0.0,
            0.0,
            0.0,
            0.0
        ],
        "OB_T_TCP": [
            1.0,
            0.0,
            0.0,
            0.0,
            0.0,
            1.0,
            0.0,
            0.0,
            0.0,
            0.0,
            1.0,
            0.0,
            0.0,
            0.0,
            0.0,
            1.0
        ],
        "OB_T_gp": [
            1.0,
            0.0,
            0.0,
            0.0,
            0.0,
            1.0,
            0.0,
            0.0,
            0.0,
            0.0,
            1.0,
            0.0,
            0.0,
            0.0,
            0.0,
            1.0
        ],
        "O_T_OB": [
            -0.9987980499128949,
            -0.04656531495869333,
            0.014658575449359952,
            0.0,
            -0.046350873111467406,
            0.9988082398004655,
            0.014643891890780083,
            0.0,
            -0.015323298401650655,
            0.013947121418304658,
            -0.9997853141201051,
            0.0,
            -0.27834275719025325,
            0.4405599622854256,
            0.19628076319852245,
            1.0
        ],
        "O_T_TCP": [
            -0.9987980499128949,
            -0.04656531495869333,
            0.014658575449359952,
            0.0,
            -0.046350873111467406,
            0.9988082398004655,
            0.014643891890780083,
            0.0,
            -0.015323298401650655,
            0.013947121418304658,
            -0.9997853141201051,
            0.0,
            -0.27834275719025325,
            0.4405599622854256,
            0.19628076319852245,
            1.0
        ],
        "geometry": null,
        "grasp_force": 0.0,
        "grasp_width": 0.0,
        "mass": 0.0,
        "name": "normalpickplace",
        "q": [
            1.9613453983748421,
            0.10171196992146339,
            0.17163754547838342,
            -2.3213078898714294,
            -0.01830043823413067,
            2.441419222344653,
            -0.25685698265397566
        ]
    }
]