[
    {
        "_id": "65eb7417886cb04353024ad1",
        "OB_I": [
            0.0,
            0.0,
            0.0,
            0.0,
            0.0,
            0.0,
            0.0,
            0.0,
            0.0
        ],
        "OB_T_TCP": [
            1.0,
            0.0,
            0.0,
            0.0,
            0.0,
            1.0,
            0.0,
            0.0,
            0.0,
            0.0,
            1.0,
            0.0,
            0.0,
            0.0,
            0.0,
            1.0
        ],
        "OB_T_gp": [
            1.0,
            0.0,
            0.0,
            0.0,
            0.0,
            1.0,
            0.0,
            0.0,
            0.0,
            0.0,
            1.0,
            0.0,
            0.0,
            0.0,
            0.0,
            1.0
        ],
        "O_T_OB": [
            1.0,
            0.0,
            0.0,
            0.0,
            0.0,
            1.0,
            0.0,
            0.0,
            0.0,
            0.0,
            1.0,
            0.0,
            0.0,
            0.0,
            0.0,
            1.0
        ],
        "O_T_TCP": [
            1.0,
            0.0,
            0.0,
            0.0,
            0.0,
            1.0,
            0.0,
            0.0,
            0.0,
            0.0,
            1.0,
            0.0,
            0.0,
            0.0,
            0.0,
            1.0
        ],
        "geometry": null,
        "grasp_force": 1.0,
        "grasp_width": 0.0,
        "mass": 0.0,
        "name": "TestObject1",
        "q": [
            0.0,
            0.0,
            0.0,
            0.0,
            0.0,
            0.0,
            0.0
        ]
    },
    {
        "_id": "65eb741d2c800a25d3000d41",
        "OB_I": [
            0.0,
            0.0,
            0.0,
            0.0,
            0.0,
            0.0,
            0.0,
            0.0,
            0.0
        ],
        "OB_T_TCP": [
            1.0,
            0.0,
            0.0,
            0.0,
            0.0,
            1.0,
            0.0,
            0.0,
            0.0,
            0.0,
            1.0,
            0.0,
            0.0,
            0.0,
            0.0,
            1.0
        ],
        "OB_T_gp": [
            1.0,
            0.0,
            0.0,
            0.0,
            0.0,
            1.0,
            0.0,
            0.0,
            0.0,
            0.0,
            1.0,
            0.0,
            0.0,
            0.0,
            0.0,
            1.0
        ],
        "O_T_OB": [
            1.0,
            0.0,
            0.0,
            0.0,
            0.0,
            1.0,
            0.0,
            0.0,
            0.0,
            0.0,
            1.0,
            0.0,
            0.0,
            0.0,
            0.0,
            1.0
        ],
        "O_T_TCP": [
            1.0,
            0.0,
            0.0,
            0.0,
            0.0,
            1.0,
            0.0,
            0.0,
            0.0,
            0.0,
            1.0,
            0.0,
            0.0,
            0.0,
            0.0,
            1.0
        ],
        "geometry": null,
        "grasp_force": 0.0,
        "grasp_width": 0.0,
        "mass": 0.0,
        "name": "NullObject",
        "q": [
            0.0,
            0.0,
            0.0,
            0.0,
            0.0,
            0.0,
            0.0
        ]
    },
    {
        "_id": "65eb741d2c800a25d3000d42",
        "OB_I": [
            0.0,
            0.0,
            0.0,
            0.0,
            0.0,
            0.0,
            0.0,
            0.0,
            0.0
        ],
        "OB_T_TCP": [
            1.0,
            0.0,
            0.0,
            0.0,
            0.0,
            1.0,
            0.0,
            0.0,
            0.0,
            0.0,
            1.0,
            0.0,
            0.0,
            0.0,
            0.0,
            1.0
        ],
        "OB_T_gp": [
            1.0,
            0.0,
            0.0,
            0.0,
            0.0,
            1.0,
            0.0,
            0.0,
            0.0,
            0.0,
            1.0,
            0.0,
            0.0,
            0.0,
            0.0,
            1.0
        ],
        "O_T_OB": [
            1.0,
            0.0,
            0.0,
            0.0,
            0.0,
            1.0,
            0.0,
            0.0,
            0.0,
            0.0,
            1.0,
            0.0,
            0.0,
            0.0,
            0.0,
            1.0
        ],
        "O_T_TCP": [
            1.0,
            0.0,
            0.0,
            0.0,
            0.0,
            1.0,
            0.0,
            0.0,
            0.0,
            0.0,
            1.0,
            0.0,
            0.0,
            0.0,
            0.0,
            1.0
        ],
        "geometry": null,
        "grasp_force": 0.0,
        "grasp_width": 0.0,
        "mass": 0.0,
        "name": "NoneObject",
        "q": [
            0.0,
            0.0,
            0.0,
            0.0,
            0.0,
            0.0,
            0.0
        ]
    },
    {
        "_id": "65eb741d2c800a25d3000d43",
        "OB_I": [
            0.0,
            0.0,
            0.0,
            0.0,
            0.0,
            0.0,
            0.0,
            0.0,
            0.0
        ],
        "OB_T_TCP": [
            1.0,
            0.0,
            0.0,
            0.0,
            0.0,
            1.0,
            0.0,
            0.0,
            0.0,
            0.0,
            1.0,
            0.0,
            0.0,
            0.0,
            0.0,
            1.0
        ],
        "OB_T_gp": [
            1.0,
            0.0,
            0.0,
            0.0,
            0.0,
            1.0,
            0.0,
            0.0,
            0.0,
            0.0,
            1.0,
            0.0,
            0.0,
            0.0,
            0.0,
            1.0
        ],
        "O_T_OB": [
            0.014200600442557191,
            0.999206966928041,
            -0.03693950582701284,
            0.0,
            0.9997967988450969,
            -0.013686440453118644,
            0.014134683159816981,
            0.0,
            0.013618165733630751,
            -0.037133435598406074,
            -0.9992175206243685,
            0.0,
            -0.3061818124267212,
            0.1671510130147556,
            0.5738349259906845,
            1.0
        ],
        "O_T_TCP": [
            1.0,
            0.0,
            0.0,
            0.0,
            0.0,
            1.0,
            0.0,
            0.0,
            0.0,
            0.0,
            1.0,
            0.0,
            0.0,
            0.0,
            0.0,
            1.0
        ],
        "geometry": null,
        "grasp_force": 0.0,
        "grasp_width": 0.0,
        "mass": 0.0,
        "name": "EndEffector",
        "q": [
            1.5189826725265736,
            -0.8016634476811754,
            0.6073344519849408,
            -1.9399075706548876,
            0.4520823260290046,
            1.2279291600391575,
            1.3417976757538272
        ]
    },
    {
        "_id": "65eb74332c800a25d3000d44",
        "OB_I": [
            0.0,
            0.0,
            0.0,
            0.0,
            0.0,
            0.0,
            0.0,
            0.0,
            0.0
        ],
        "OB_T_TCP": [
            1.0,
            0.0,
            0.0,
            0.0,
            0.0,
            1.0,
            0.0,
            0.0,
            0.0,
            0.0,
            1.0,
            0.0,
            0.0,
            0.0,
            0.0,
            1.0
        ],
        "OB_T_gp": [
            1.0,
            0.0,
            0.0,
            0.0,
            0.0,
            1.0,
            0.0,
            0.0,
            0.0,
            0.0,
            1.0,
            0.0,
            0.0,
            0.0,
            0.0,
            1.0
        ],
        "O_T_OB": [
            -0.9993938589627782,
            -0.019959674635375253,
            0.02818284863431975,
            0.0,
            -0.01984070888343409,
            0.9997834226459386,
            0.0044945494306065075,
            0.0,
            -0.02826699883912122,
            0.00393273312179257,
            -0.999592672235457,
            0.0,
            -0.37484573960170936,
            0.3533845541917834,
            0.1748708579262803,
            1.0
        ],
        "O_T_TCP": [
            -0.9993938589627782,
            -0.019959674635375253,
            0.02818284863431975,
            0.0,
            -0.01984070888343409,
            0.9997834226459386,
            0.0044945494306065075,
            0.0,
            -0.02826699883912122,
            0.00393273312179257,
            -0.999592672235457,
            0.0,
            -0.37484573960170936,
            0.3533845541917834,
            0.1748708579262803,
            1.0
        ],
        "geometry": null,
        "grasp_force": 0.0,
        "grasp_width": 0.0,
        "mass": 0.0,
        "name": "screwbolt",
        "q": [
            1.6550573774574837,
            0.15321099584385517,
            0.7222888105859068,
            -2.3508161678625883,
            -0.13811986689658284,
            2.484654771697428,
            0.10289976926765454
        ]
    },
    {
        "_id": "65eb74ac2c800a25d3000d45",
        "OB_I": [
            0.0,
            0.0,
            0.0,
            0.0,
            0.0,
            0.0,
            0.0,
            0.0,
            0.0
        ],
        "OB_T_TCP": [
            1.0,
            0.0,
            0.0,
            0.0,
            0.0,
            1.0,
            0.0,
            0.0,
            0.0,
            0.0,
            1.0,
            0.0,
            0.0,
            0.0,
            0.0,
            1.0
        ],
        "OB_T_gp": [
            1.0,
            0.0,
            0.0,
            0.0,
            0.0,
            1.0,
            0.0,
            0.0,
            0.0,
            0.0,
            1.0,
            0.0,
            0.0,
            0.0,
            0.0,
            1.0
        ],
        "O_T_OB": [
            -0.9754081093603869,
            -0.21792603402093702,
            0.03268043437760813,
            0.0,
            -0.21721197651678822,
            0.9758183257555578,
            0.024047853927084306,
            0.0,
            -0.037131535089479584,
            0.016358204934740318,
            -0.9991764900322725,
            0.0,
            -0.49456060992516254,
            0.34523358993584274,
            0.18533646391614586,
            1.0
        ],
        "O_T_TCP": [
            -0.9754081093603869,
            -0.21792603402093702,
            0.03268043437760813,
            0.0,
            -0.21721197651678822,
            0.9758183257555578,
            0.024047853927084306,
            0.0,
            -0.037131535089479584,
            0.016358204934740318,
            -0.9991764900322725,
            0.0,
            -0.49456060992516254,
            0.34523358993584274,
            0.18533646391614586,
            1.0
        ],
        "geometry": null,
        "grasp_force": 0.0,
        "grasp_width": 0.0,
        "mass": 0.0,
        "name": "screwhole",
        "q": [
            1.331823483964853,
            1.2933396335568335,
            1.6098604303502224,
            -1.920375438578031,
            -1.3170606204536117,
            1.6645034709950923,
            0.6755126488672281
        ]
    },
    {
        "_id": "65eb8ec1d3061a79e90e03d1",
        "OB_I": [
            0.0,
            0.0,
            0.0,
            0.0,
            0.0,
            0.0,
            0.0,
            0.0,
            0.0
        ],
        "OB_T_TCP": [
            1.0,
            0.0,
            0.0,
            0.0,
            0.0,
            1.0,
            0.0,
            0.0,
            0.0,
            0.0,
            1.0,
            0.0,
            0.0,
            0.0,
            0.0,
            1.0
        ],
        "OB_T_gp": [
            1.0,
            0.0,
            0.0,
            0.0,
            0.0,
            1.0,
            0.0,
            0.0,
            0.0,
            0.0,
            1.0,
            0.0,
            0.0,
            0.0,
            0.0,
            1.0
        ],
        "O_T_OB": [
            1.0,
            0.0,
            0.0,
            0.0,
            0.0,
            -1.0,
            0.0,
            0.0,
            0.0,
            0.0,
            -1.0,
            0.0,
            0.521827226443675,
            0.25840698062581857,
            0.27517533664525384,
            1.0
        ],
        "O_T_TCP": [
            1.0,
            0.0,
            0.0,
            0.0,
            0.0,
            -1.0,
            0.0,
            0.0,
            0.0,
            0.0,
            -1.0,
            0.0,
            0.521827226443675,
            0.25840698062581857,
            0.27517533664525384,
            1.0
        ],
        "geometry": null,
        "grasp_force": 0.0,
        "grasp_width": 0.0,
        "mass": 0.0,
        "name": "test",
        "q": [
            0.18074043324946532,
            0.1335626147107068,
            0.2868349701521744,
            -2.060772508320055,
            -0.04825592930051324,
            2.2430690224108654,
            1.2386451794617466
        ]
    },
    {
        "_id": "65ef6331e99f2576ba086061",
        "OB_I": [
            0.0,
            0.0,
            0.0,
            0.0,
            0.0,
            0.0,
            0.0,
            0.0,
            0.0
        ],
        "OB_T_TCP": [
            1.0,
            0.0,
            0.0,
            0.0,
            0.0,
            1.0,
            0.0,
            0.0,
            0.0,
            0.0,
            1.0,
            0.0,
            0.0,
            0.0,
            0.0,
            1.0
        ],
        "OB_T_gp": [
            1.0,
            0.0,
            0.0,
            0.0,
            0.0,
            1.0,
            0.0,
            0.0,
            0.0,
            0.0,
            1.0,
            0.0,
            0.0,
            0.0,
            0.0,
            1.0
        ],
        "O_T_OB": [
            -0.9999511693327637,
            0.005795104725127399,
            0.006694969191221638,
            0.0,
            0.005676923956787325,
            0.9998204500065859,
            -0.017538163650304785,
            0.0,
            -0.00679553343966406,
            -0.017499637341326747,
            -0.9998237761816791,
            0.0,
            -0.28525213823562634,
            0.5657042239474747,
            0.23866900068692073,
            1.0
        ],
        "O_T_TCP": [
            -0.9999511693327637,
            0.005795104725127399,
            0.006694969191221638,
            0.0,
            0.005676923956787325,
            0.9998204500065859,
            -0.017538163650304785,
            0.0,
            -0.00679553343966406,
            -0.017499637341326747,
            -0.9998237761816791,
            0.0,
            -0.28525213823562634,
            0.5657042239474747,
            0.23866900068692073,
            1.0
        ],
        "geometry": null,
        "grasp_force": 0.0,
        "grasp_width": 0.0,
        "mass": 0.0,
        "name": "normalcontainer",
        "q": [
            1.48723348463888,
            0.4174561200767826,
            0.6111280596883836,
            -1.8220793050632123,
            -0.26309194494459087,
            2.141865217341235,
            -0.1461896891569508
        ]
    },
    {
        "_id": "65ef6455e99f2576ba086062",
        "OB_I": [
            0.0,
            0.0,
            0.0,
            0.0,
            0.0,
            0.0,
            0.0,
            0.0,
            0.0
        ],
        "OB_T_TCP": [
            1.0,
            0.0,
            0.0,
            0.0,
            0.0,
            1.0,
            0.0,
            0.0,
            0.0,
            0.0,
            1.0,
            0.0,
            0.0,
            0.0,
            0.0,
            1.0
        ],
        "OB_T_gp": [
            1.0,
            0.0,
            0.0,
            0.0,
            0.0,
            1.0,
            0.0,
            0.0,
            0.0,
            0.0,
            1.0,
            0.0,
            0.0,
            0.0,
            0.0,
            1.0
        ],
        "O_T_OB": [
            -0.9990336274326229,
            -0.043224038692152265,
            0.006651363706987428,
            0.0,
            -0.04306611338611579,
            0.9988138548284101,
            0.022292155163513752,
            0.0,
            -0.00760717766310412,
            0.02198458752415408,
            -0.9997293677587924,
            0.0,
            -0.2767815159120372,
            0.4389463906506993,
            0.3408536221713534,
            1.0
        ],
        "O_T_TCP": [
            -0.9990336274326229,
            -0.043224038692152265,
            0.006651363706987428,
            0.0,
            -0.04306611338611579,
            0.9988138548284101,
            0.022292155163513752,
            0.0,
            -0.00760717766310412,
            0.02198458752415408,
            -0.9997293677587924,
            0.0,
            -0.2767815159120372,
            0.4389463906506993,
            0.3408536221713534,
            1.0
        ],
        "geometry": null,
        "grasp_force": 0.0,
        "grasp_width": 0.0,
        "mass": 0.0,
        "name": "normalpickplace",
        "q": [
            1.6710431030315733,
            -0.11933810338041052,
            0.44976917909321673,
            -2.1647275869469373,
            0.053616515815126296,
            2.079309125394282,
            -0.3063374023692766
        ]
    },
    {
        "_id": "65f0c57f8fca00707f09dc71",
        "OB_I": [
            0.0,
            0.0,
            0.0,
            0.0,
            0.0,
            0.0,
            0.0,
            0.0,
            0.0
        ],
        "OB_T_TCP": [
            1.0,
            0.0,
            0.0,
            0.0,
            0.0,
            1.0,
            0.0,
            0.0,
            0.0,
            0.0,
            1.0,
            0.0,
            0.0,
            0.0,
            0.0,
            1.0
        ],
        "OB_T_gp": [
            1.0,
            0.0,
            0.0,
            0.0,
            0.0,
            1.0,
            0.0,
            0.0,
            0.0,
            0.0,
            1.0,
            0.0,
            0.0,
            0.0,
            0.0,
            1.0
        ],
        "O_T_OB": [
            0.9943836026315849,
            -0.0968288341608145,
            -0.042499112857760084,
            0.0,
            -0.09580790301125691,
            -0.9950650220230038,
            0.025440019028163983,
            0.0,
            -0.04475356970019007,
            -0.021225795551839743,
            -0.9987725384702374,
            0.0,
            0.47926793066474926,
            0.23916614873158387,
            -0.004146619879005292,
            1.0
        ],
        "O_T_TCP": [
            0.9943836026315849,
            -0.0968288341608145,
            -0.042499112857760084,
            0.0,
            -0.09580790301125691,
            -0.9950650220230038,
            0.025440019028163983,
            0.0,
            -0.04475356970019007,
            -0.021225795551839743,
            -0.9987725384702374,
            0.0,
            0.47926793066474926,
            0.23916614873158387,
            -0.004146619879005292,
            1.0
        ],
        "geometry": null,
        "grasp_force": 0.0,
        "grasp_width": 0.0,
        "mass": 0.0,
        "name": "p2_sp",
        "q": [
            0.30748095076589516,
            0.6224689720722666,
            0.1322143079238894,
            -2.174735181272256,
            -0.1994334632820553,
            2.7361665597756706,
            1.4845305872601067
        ]
    },
    {
        "_id": "65f0c58a8fca00707f09dc72",
        "OB_I": [
            0.0,
            0.0,
            0.0,
            0.0,
            0.0,
            0.0,
            0.0,
            0.0,
            0.0
        ],
        "OB_T_TCP": [
            1.0,
            0.0,
            0.0,
            0.0,
            0.0,
            1.0,
            0.0,
            0.0,
            0.0,
            0.0,
            1.0,
            0.0,
            0.0,
            0.0,
            0.0,
            1.0
        ],
        "OB_T_gp": [
            1.0,
            0.0,
            0.0,
            0.0,
            0.0,
            1.0,
            0.0,
            0.0,
            0.0,
            0.0,
            1.0,
            0.0,
            0.0,
            0.0,
            0.0,
            1.0
        ],
        "O_T_OB": [
            1.0,
            0.0,
            0.0,
            0.0,
            0.0,
            -1.0,
            0.0,
            0.0,
            0.0,
            0.0,
            -1.0,
            0.0,
            0.47926574591224724,
            0.2391667486795837,
            0.000851668509789333,
            1.0
        ],
        "O_T_TCP": [
            1.0,
            0.0,
            0.0,
            0.0,
            0.0,
            -1.0,
            0.0,
            0.0,
            0.0,
            0.0,
            -1.0,
            0.0,
            0.47926574591224724,
            0.2391667486795837,
            0.000851668509789333,
            1.0
        ],
        "geometry": null,
        "grasp_force": 0.0,
        "grasp_width": 0.0,
        "mass": 0.0,
        "name": "p2_sp1",
        "q": [
            0.3074809791130353,
            0.6224715037264296,
            0.1322163470370205,
            -2.1747368392604187,
            -0.1994324504037289,
            2.7361665597756706,
            1.4845236736801344
        ]
    },
    {
        "_id": "65f0c90302781731fa077fc1",
        "OB_I": [
            0.0,
            0.0,
            0.0,
            0.0,
            0.0,
            0.0,
            0.0,
            0.0,
            0.0
        ],
        "OB_T_TCP": [
            1.0,
            0.0,
            0.0,
            0.0,
            0.0,
            1.0,
            0.0,
            0.0,
            0.0,
            0.0,
            1.0,
            0.0,
            0.0,
            0.0,
            0.0,
            1.0
        ],
        "OB_T_gp": [
            1.0,
            0.0,
            0.0,
            0.0,
            0.0,
            1.0,
            0.0,
            0.0,
            0.0,
            0.0,
            1.0,
            0.0,
            0.0,
            0.0,
            0.0,
            1.0
        ],
        "O_T_OB": [
            1.0,
            0.0,
            0.0,
            0.0,
            0.0,
            -1.0,
            0.0,
            0.0,
            0.0,
            0.0,
            -1.0,
            0.0,
            0.46427543988270176,
            0.09451115271991717,
            0.27356154422388645,
            1.0
        ],
        "O_T_TCP": [
            1.0,
            0.0,
            0.0,
            0.0,
            0.0,
            -1.0,
            0.0,
            0.0,
            0.0,
            0.0,
            -1.0,
            0.0,
            0.46427543988270176,
            0.09451115271991717,
            0.27356154422388645,
            1.0
        ],
        "geometry": null,
        "grasp_force": 0.0,
        "grasp_width": 0.0,
        "mass": 0.0,
        "name": "p3_sp1",
        "q": [
            -0.15396518107882165,
            -0.13305540426572163,
            0.35980236073607763,
            -2.3169006355352564,
            0.009758118150134882,
            2.1126170528729755,
            0.5451880992129445
        ]
    },
    {
        "_id": "65f1f1ed2f5edeacb80ca502",
        "OB_I": [
            0.0,
            0.0,
            0.0,
            0.0,
            0.0,
            0.0,
            0.0,
            0.0,
            0.0
        ],
        "OB_T_TCP": [
            1.0,
            0.0,
            0.0,
            0.0,
            0.0,
            1.0,
            0.0,
            0.0,
            0.0,
            0.0,
            1.0,
            0.0,
            0.0,
            0.0,
            0.0,
            1.0
        ],
        "OB_T_gp": [
            1.0,
            0.0,
            0.0,
            0.0,
            0.0,
            1.0,
            0.0,
            0.0,
            0.0,
            0.0,
            1.0,
            0.0,
            0.0,
            0.0,
            0.0,
            1.0
        ],
        "O_T_OB": [
            -0.022428185668289153,
            0.7976012549648388,
            0.602751990015256,
            0.0,
            0.99870465727592,
            -0.009541038811531106,
            0.04978677550306445,
            0.0,
            0.04546175003192464,
            0.6030994581888228,
            -0.7963694323719259,
            0.0,
            0.021030588638465065,
            0.17098193114482207,
            0.815525967232651,
            1.0
        ],
        "O_T_TCP": [
            -0.022428185668289153,
            0.7976012549648388,
            0.602751990015256,
            0.0,
            0.99870465727592,
            -0.009541038811531106,
            0.04978677550306445,
            0.0,
            0.04546175003192464,
            0.6030994581888228,
            -0.7963694323719259,
            0.0,
            0.021030588638465065,
            0.17098193114482207,
            0.815525967232651,
            1.0
        ],
        "geometry": null,
        "grasp_force": 0.0,
        "grasp_width": 0.0,
        "mass": 0.0,
        "name": "initialposition3",
        "q": [
            1.5399258230464499,
            -0.9537460691134678,
            -0.017030666166464505,
            -1.6540864067955072,
            -0.032728623227940665,
            1.3499860814824516,
            0.7149023481880881
        ]
    },
    {
        "_id": "65f1f2e5cdb7d512fd0105f1",
        "OB_I": [
            0.0,
            0.0,
            0.0,
            0.0,
            0.0,
            0.0,
            0.0,
            0.0,
            0.0
        ],
        "OB_T_TCP": [
            1.0,
            0.0,
            0.0,
            0.0,
            0.0,
            1.0,
            0.0,
            0.0,
            0.0,
            0.0,
            1.0,
            0.0,
            0.0,
            0.0,
            0.0,
            1.0
        ],
        "OB_T_gp": [
            1.0,
            0.0,
            0.0,
            0.0,
            0.0,
            1.0,
            0.0,
            0.0,
            0.0,
            0.0,
            1.0,
            0.0,
            0.0,
            0.0,
            0.0,
            1.0
        ],
        "O_T_OB": [
            0.015122373673635682,
            0.9988427531215684,
            -0.04544463942214867,
            0.0,
            0.999570559622232,
            -0.013978767339836716,
            0.025377890010103748,
            0.0,
            0.024713737300809172,
            -0.04580977957502074,
            -0.9986444288553933,
            0.0,
            -0.303945816124299,
            0.16206723765320832,
            0.42934613654633463,
            1.0
        ],
        "O_T_TCP": [
            0.015122373673635682,
            0.9988427531215684,
            -0.04544463942214867,
            0.0,
            0.999570559622232,
            -0.013978767339836716,
            0.025377890010103748,
            0.0,
            0.024713737300809172,
            -0.04580977957502074,
            -0.9986444288553933,
            0.0,
            -0.303945816124299,
            0.16206723765320832,
            0.42934613654633463,
            1.0
        ],
        "geometry": null,
        "grasp_force": 0.0,
        "grasp_width": 0.0,
        "mass": 0.0,
        "name": "gear2",
        "q": [
            1.2555071329677783,
            -1.2271554659625938,
            0.8020651020845783,
            -2.330712927422328,
            0.7589113699891958,
            1.2754252565701802,
            1.0481310031845252
        ]
    },
    {
        "_id": "65f1f339cdb7d512fd0105f2",
        "OB_I": [
            0.0,
            0.0,
            0.0,
            0.0,
            0.0,
            0.0,
            0.0,
            0.0,
            0.0
        ],
        "OB_T_TCP": [
            1.0,
            0.0,
            0.0,
            0.0,
            0.0,
            1.0,
            0.0,
            0.0,
            0.0,
            0.0,
            1.0,
            0.0,
            0.0,
            0.0,
            0.0,
            1.0
        ],
        "OB_T_gp": [
            1.0,
            0.0,
            0.0,
            0.0,
            0.0,
            1.0,
            0.0,
            0.0,
            0.0,
            0.0,
            1.0,
            0.0,
            0.0,
            0.0,
            0.0,
            1.0
        ],
        "O_T_OB": [
            0.048599880218834504,
            0.9987264876198011,
            -0.01281411216349281,
            0.0,
            0.9986431913583882,
            -0.048821364754247164,
            -0.01757832751641594,
            0.0,
            -0.018181893800433897,
            -0.011942651186672752,
            -0.9997633679128594,
            0.0,
            -0.2760860562053573,
            0.4046761398389411,
            0.46807466166218,
            1.0
        ],
        "O_T_TCP": [
            0.048599880218834504,
            0.9987264876198011,
            -0.01281411216349281,
            0.0,
            0.9986431913583882,
            -0.048821364754247164,
            -0.01757832751641594,
            0.0,
            -0.018181893800433897,
            -0.011942651186672752,
            -0.9997633679128594,
            0.0,
            -0.2760860562053573,
            0.4046761398389411,
            0.46807466166218,
            1.0
        ],
        "geometry": null,
        "grasp_force": 0.0,
        "grasp_width": 0.0,
        "mass": 0.0,
        "name": "p3_n1",
        "q": [
            1.4354606213506897,
            -0.28817165779230886,
            0.6296703716913858,
            -1.95615939217283,
            0.1918240264256796,
            1.715982329527537,
            1.2800507355570263
        ]
    }
]