[
    {
        "_id": "65eb7417886cb04353024ad1",
        "OB_I": [
            0.0,
            0.0,
            0.0,
            0.0,
            0.0,
            0.0,
            0.0,
            0.0,
            0.0
        ],
        "OB_T_TCP": [
            1.0,
            0.0,
            0.0,
            0.0,
            0.0,
            1.0,
            0.0,
            0.0,
            0.0,
            0.0,
            1.0,
            0.0,
            0.0,
            0.0,
            0.0,
            1.0
        ],
        "OB_T_gp": [
            1.0,
            0.0,
            0.0,
            0.0,
            0.0,
            1.0,
            0.0,
            0.0,
            0.0,
            0.0,
            1.0,
            0.0,
            0.0,
            0.0,
            0.0,
            1.0
        ],
        "O_T_OB": [
            1.0,
            0.0,
            0.0,
            0.0,
            0.0,
            1.0,
            0.0,
            0.0,
            0.0,
            0.0,
            1.0,
            0.0,
            0.0,
            0.0,
            0.0,
            1.0
        ],
        "O_T_TCP": [
            1.0,
            0.0,
            0.0,
            0.0,
            0.0,
            1.0,
            0.0,
            0.0,
            0.0,
            0.0,
            1.0,
            0.0,
            0.0,
            0.0,
            0.0,
            1.0
        ],
        "geometry": null,
        "grasp_force": 1.0,
        "grasp_width": 0.0,
        "mass": 0.0,
        "name": "TestObject1",
        "q": [
            0.0,
            0.0,
            0.0,
            0.0,
            0.0,
            0.0,
            0.0
        ]
    },
    {
        "_id": "65eb741d2c800a25d3000d41",
        "OB_I": [
            0.0,
            0.0,
            0.0,
            0.0,
            0.0,
            0.0,
            0.0,
            0.0,
            0.0
        ],
        "OB_T_TCP": [
            1.0,
            0.0,
            0.0,
            0.0,
            0.0,
            1.0,
            0.0,
            0.0,
            0.0,
            0.0,
            1.0,
            0.0,
            0.0,
            0.0,
            0.0,
            1.0
        ],
        "OB_T_gp": [
            1.0,
            0.0,
            0.0,
            0.0,
            0.0,
            1.0,
            0.0,
            0.0,
            0.0,
            0.0,
            1.0,
            0.0,
            0.0,
            0.0,
            0.0,
            1.0
        ],
        "O_T_OB": [
            1.0,
            0.0,
            0.0,
            0.0,
            0.0,
            1.0,
            0.0,
            0.0,
            0.0,
            0.0,
            1.0,
            0.0,
            0.0,
            0.0,
            0.0,
            1.0
        ],
        "O_T_TCP": [
            1.0,
            0.0,
            0.0,
            0.0,
            0.0,
            1.0,
            0.0,
            0.0,
            0.0,
            0.0,
            1.0,
            0.0,
            0.0,
            0.0,
            0.0,
            1.0
        ],
        "geometry": null,
        "grasp_force": 0.0,
        "grasp_width": 0.0,
        "mass": 0.0,
        "name": "NullObject",
        "q": [
            0.0,
            0.0,
            0.0,
            0.0,
            0.0,
            0.0,
            0.0
        ]
    },
    {
        "_id": "65eb741d2c800a25d3000d42",
        "OB_I": [
            0.0,
            0.0,
            0.0,
            0.0,
            0.0,
            0.0,
            0.0,
            0.0,
            0.0
        ],
        "OB_T_TCP": [
            1.0,
            0.0,
            0.0,
            0.0,
            0.0,
            1.0,
            0.0,
            0.0,
            0.0,
            0.0,
            1.0,
            0.0,
            0.0,
            0.0,
            0.0,
            1.0
        ],
        "OB_T_gp": [
            1.0,
            0.0,
            0.0,
            0.0,
            0.0,
            1.0,
            0.0,
            0.0,
            0.0,
            0.0,
            1.0,
            0.0,
            0.0,
            0.0,
            0.0,
            1.0
        ],
        "O_T_OB": [
            1.0,
            0.0,
            0.0,
            0.0,
            0.0,
            1.0,
            0.0,
            0.0,
            0.0,
            0.0,
            1.0,
            0.0,
            0.0,
            0.0,
            0.0,
            1.0
        ],
        "O_T_TCP": [
            1.0,
            0.0,
            0.0,
            0.0,
            0.0,
            1.0,
            0.0,
            0.0,
            0.0,
            0.0,
            1.0,
            0.0,
            0.0,
            0.0,
            0.0,
            1.0
        ],
        "geometry": null,
        "grasp_force": 0.0,
        "grasp_width": 0.0,
        "mass": 0.0,
        "name": "NoneObject",
        "q": [
            0.0,
            0.0,
            0.0,
            0.0,
            0.0,
            0.0,
            0.0
        ]
    },
    {
        "_id": "65eb741d2c800a25d3000d43",
        "OB_I": [
            0.0,
            0.0,
            0.0,
            0.0,
            0.0,
            0.0,
            0.0,
            0.0,
            0.0
        ],
        "OB_T_TCP": [
            1.0,
            0.0,
            0.0,
            0.0,
            0.0,
            1.0,
            0.0,
            0.0,
            0.0,
            0.0,
            1.0,
            0.0,
            0.0,
            0.0,
            0.0,
            1.0
        ],
        "OB_T_gp": [
            1.0,
            0.0,
            0.0,
            0.0,
            0.0,
            1.0,
            0.0,
            0.0,
            0.0,
            0.0,
            1.0,
            0.0,
            0.0,
            0.0,
            0.0,
            1.0
        ],
        "O_T_OB": [
            0.9998905677035429,
            0.003935254164051757,
            0.013568835372252251,
            0.0,
            0.0039924587317597664,
            -0.999973619612436,
            -0.004191330777494403,
            0.0,
            0.01355224439192146,
            0.004245126857650748,
            -0.9998991526998632,
            0.0,
            0.5741621276177636,
            0.35624489717953217,
            0.22899549524933444,
            1.0
        ],
        "O_T_TCP": [
            1.0,
            0.0,
            0.0,
            0.0,
            0.0,
            1.0,
            0.0,
            0.0,
            0.0,
            0.0,
            1.0,
            0.0,
            0.0,
            0.0,
            0.0,
            1.0
        ],
        "geometry": null,
        "grasp_force": 0.0,
        "grasp_width": 0.0,
        "mass": 0.0,
        "name": "EndEffector",
        "q": [
            0.5124997366154893,
            0.4732386190514815,
            0.05086000169321939,
            -1.6703211437359191,
            -0.0320934491213855,
            2.156548213609873,
            1.356615412795111
        ]
    },
    {
        "_id": "65eb74332c800a25d3000d44",
        "OB_I": [
            0.0,
            0.0,
            0.0,
            0.0,
            0.0,
            0.0,
            0.0,
            0.0,
            0.0
        ],
        "OB_T_TCP": [
            1.0,
            0.0,
            0.0,
            0.0,
            0.0,
            1.0,
            0.0,
            0.0,
            0.0,
            0.0,
            1.0,
            0.0,
            0.0,
            0.0,
            0.0,
            1.0
        ],
        "OB_T_gp": [
            1.0,
            0.0,
            0.0,
            0.0,
            0.0,
            1.0,
            0.0,
            0.0,
            0.0,
            0.0,
            1.0,
            0.0,
            0.0,
            0.0,
            0.0,
            1.0
        ],
        "O_T_OB": [
            -0.9993938589627782,
            -0.019959674635375253,
            0.02818284863431975,
            0.0,
            -0.01984070888343409,
            0.9997834226459386,
            0.0044945494306065075,
            0.0,
            -0.02826699883912122,
            0.00393273312179257,
            -0.999592672235457,
            0.0,
            -0.37484573960170936,
            0.3533845541917834,
            0.1748708579262803,
            1.0
        ],
        "O_T_TCP": [
            -0.9993938589627782,
            -0.019959674635375253,
            0.02818284863431975,
            0.0,
            -0.01984070888343409,
            0.9997834226459386,
            0.0044945494306065075,
            0.0,
            -0.02826699883912122,
            0.00393273312179257,
            -0.999592672235457,
            0.0,
            -0.37484573960170936,
            0.3533845541917834,
            0.1748708579262803,
            1.0
        ],
        "geometry": null,
        "grasp_force": 0.0,
        "grasp_width": 0.0,
        "mass": 0.0,
        "name": "screwbolt",
        "q": [
            1.6550573774574837,
            0.15321099584385517,
            0.7222888105859068,
            -2.3508161678625883,
            -0.13811986689658284,
            2.484654771697428,
            0.10289976926765454
        ]
    },
    {
        "_id": "65eb74ac2c800a25d3000d45",
        "OB_I": [
            0.0,
            0.0,
            0.0,
            0.0,
            0.0,
            0.0,
            0.0,
            0.0,
            0.0
        ],
        "OB_T_TCP": [
            1.0,
            0.0,
            0.0,
            0.0,
            0.0,
            1.0,
            0.0,
            0.0,
            0.0,
            0.0,
            1.0,
            0.0,
            0.0,
            0.0,
            0.0,
            1.0
        ],
        "OB_T_gp": [
            1.0,
            0.0,
            0.0,
            0.0,
            0.0,
            1.0,
            0.0,
            0.0,
            0.0,
            0.0,
            1.0,
            0.0,
            0.0,
            0.0,
            0.0,
            1.0
        ],
        "O_T_OB": [
            -0.9754081093603869,
            -0.21792603402093702,
            0.03268043437760813,
            0.0,
            -0.21721197651678822,
            0.9758183257555578,
            0.024047853927084306,
            0.0,
            -0.037131535089479584,
            0.016358204934740318,
            -0.9991764900322725,
            0.0,
            -0.49456060992516254,
            0.34523358993584274,
            0.18533646391614586,
            1.0
        ],
        "O_T_TCP": [
            -0.9754081093603869,
            -0.21792603402093702,
            0.03268043437760813,
            0.0,
            -0.21721197651678822,
            0.9758183257555578,
            0.024047853927084306,
            0.0,
            -0.037131535089479584,
            0.016358204934740318,
            -0.9991764900322725,
            0.0,
            -0.49456060992516254,
            0.34523358993584274,
            0.18533646391614586,
            1.0
        ],
        "geometry": null,
        "grasp_force": 0.0,
        "grasp_width": 0.0,
        "mass": 0.0,
        "name": "screwhole",
        "q": [
            1.331823483964853,
            1.2933396335568335,
            1.6098604303502224,
            -1.920375438578031,
            -1.3170606204536117,
            1.6645034709950923,
            0.6755126488672281
        ]
    },
    {
        "_id": "65eb8ec1d3061a79e90e03d1",
        "OB_I": [
            0.0,
            0.0,
            0.0,
            0.0,
            0.0,
            0.0,
            0.0,
            0.0,
            0.0
        ],
        "OB_T_TCP": [
            1.0,
            0.0,
            0.0,
            0.0,
            0.0,
            1.0,
            0.0,
            0.0,
            0.0,
            0.0,
            1.0,
            0.0,
            0.0,
            0.0,
            0.0,
            1.0
        ],
        "OB_T_gp": [
            1.0,
            0.0,
            0.0,
            0.0,
            0.0,
            1.0,
            0.0,
            0.0,
            0.0,
            0.0,
            1.0,
            0.0,
            0.0,
            0.0,
            0.0,
            1.0
        ],
        "O_T_OB": [
            1.0,
            0.0,
            0.0,
            0.0,
            0.0,
            -1.0,
            0.0,
            0.0,
            0.0,
            0.0,
            -1.0,
            0.0,
            0.521827226443675,
            0.25840698062581857,
            0.27517533664525384,
            1.0
        ],
        "O_T_TCP": [
            1.0,
            0.0,
            0.0,
            0.0,
            0.0,
            -1.0,
            0.0,
            0.0,
            0.0,
            0.0,
            -1.0,
            0.0,
            0.521827226443675,
            0.25840698062581857,
            0.27517533664525384,
            1.0
        ],
        "geometry": null,
        "grasp_force": 0.0,
        "grasp_width": 0.0,
        "mass": 0.0,
        "name": "test",
        "q": [
            0.18074043324946532,
            0.1335626147107068,
            0.2868349701521744,
            -2.060772508320055,
            -0.04825592930051324,
            2.2430690224108654,
            1.2386451794617466
        ]
    },
    {
        "_id": "65ef6331e99f2576ba086061",
        "OB_I": [
            0.0,
            0.0,
            0.0,
            0.0,
            0.0,
            0.0,
            0.0,
            0.0,
            0.0
        ],
        "OB_T_TCP": [
            1.0,
            0.0,
            0.0,
            0.0,
            0.0,
            1.0,
            0.0,
            0.0,
            0.0,
            0.0,
            1.0,
            0.0,
            0.0,
            0.0,
            0.0,
            1.0
        ],
        "OB_T_gp": [
            1.0,
            0.0,
            0.0,
            0.0,
            0.0,
            1.0,
            0.0,
            0.0,
            0.0,
            0.0,
            1.0,
            0.0,
            0.0,
            0.0,
            0.0,
            1.0
        ],
        "O_T_OB": [
            -0.9999511693327637,
            0.005795104725127399,
            0.006694969191221638,
            0.0,
            0.005676923956787325,
            0.9998204500065859,
            -0.017538163650304785,
            0.0,
            -0.00679553343966406,
            -0.017499637341326747,
            -0.9998237761816791,
            0.0,
            -0.28525213823562634,
            0.5657042239474747,
            0.23866900068692073,
            1.0
        ],
        "O_T_TCP": [
            -0.9999511693327637,
            0.005795104725127399,
            0.006694969191221638,
            0.0,
            0.005676923956787325,
            0.9998204500065859,
            -0.017538163650304785,
            0.0,
            -0.00679553343966406,
            -0.017499637341326747,
            -0.9998237761816791,
            0.0,
            -0.28525213823562634,
            0.5657042239474747,
            0.23866900068692073,
            1.0
        ],
        "geometry": null,
        "grasp_force": 0.0,
        "grasp_width": 0.0,
        "mass": 0.0,
        "name": "normalcontainer",
        "q": [
            1.48723348463888,
            0.4174561200767826,
            0.6111280596883836,
            -1.8220793050632123,
            -0.26309194494459087,
            2.141865217341235,
            -0.1461896891569508
        ]
    },
    {
        "_id": "65ef6455e99f2576ba086062",
        "OB_I": [
            0.0,
            0.0,
            0.0,
            0.0,
            0.0,
            0.0,
            0.0,
            0.0,
            0.0
        ],
        "OB_T_TCP": [
            1.0,
            0.0,
            0.0,
            0.0,
            0.0,
            1.0,
            0.0,
            0.0,
            0.0,
            0.0,
            1.0,
            0.0,
            0.0,
            0.0,
            0.0,
            1.0
        ],
        "OB_T_gp": [
            1.0,
            0.0,
            0.0,
            0.0,
            0.0,
            1.0,
            0.0,
            0.0,
            0.0,
            0.0,
            1.0,
            0.0,
            0.0,
            0.0,
            0.0,
            1.0
        ],
        "O_T_OB": [
            -0.9990336274326229,
            -0.043224038692152265,
            0.006651363706987428,
            0.0,
            -0.04306611338611579,
            0.9988138548284101,
            0.022292155163513752,
            0.0,
            -0.00760717766310412,
            0.02198458752415408,
            -0.9997293677587924,
            0.0,
            -0.2767815159120372,
            0.4389463906506993,
            0.3408536221713534,
            1.0
        ],
        "O_T_TCP": [
            -0.9990336274326229,
            -0.043224038692152265,
            0.006651363706987428,
            0.0,
            -0.04306611338611579,
            0.9988138548284101,
            0.022292155163513752,
            0.0,
            -0.00760717766310412,
            0.02198458752415408,
            -0.9997293677587924,
            0.0,
            -0.2767815159120372,
            0.4389463906506993,
            0.3408536221713534,
            1.0
        ],
        "geometry": null,
        "grasp_force": 0.0,
        "grasp_width": 0.0,
        "mass": 0.0,
        "name": "normalpickplace",
        "q": [
            1.6710431030315733,
            -0.11933810338041052,
            0.44976917909321673,
            -2.1647275869469373,
            0.053616515815126296,
            2.079309125394282,
            -0.3063374023692766
        ]
    },
    {
        "_id": "65f0c57f8fca00707f09dc71",
        "OB_I": [
            0.0,
            0.0,
            0.0,
            0.0,
            0.0,
            0.0,
            0.0,
            0.0,
            0.0
        ],
        "OB_T_TCP": [
            1.0,
            0.0,
            0.0,
            0.0,
            0.0,
            1.0,
            0.0,
            0.0,
            0.0,
            0.0,
            1.0,
            0.0,
            0.0,
            0.0,
            0.0,
            1.0
        ],
        "OB_T_gp": [
            1.0,
            0.0,
            0.0,
            0.0,
            0.0,
            1.0,
            0.0,
            0.0,
            0.0,
            0.0,
            1.0,
            0.0,
            0.0,
            0.0,
            0.0,
            1.0
        ],
        "O_T_OB": [
            0.9943836026315849,
            -0.0968288341608145,
            -0.042499112857760084,
            0.0,
            -0.09580790301125691,
            -0.9950650220230038,
            0.025440019028163983,
            0.0,
            -0.04475356970019007,
            -0.021225795551839743,
            -0.9987725384702374,
            0.0,
            0.47926793066474926,
            0.23916614873158387,
            -0.004146619879005292,
            1.0
        ],
        "O_T_TCP": [
            0.9943836026315849,
            -0.0968288341608145,
            -0.042499112857760084,
            0.0,
            -0.09580790301125691,
            -0.9950650220230038,
            0.025440019028163983,
            0.0,
            -0.04475356970019007,
            -0.021225795551839743,
            -0.9987725384702374,
            0.0,
            0.47926793066474926,
            0.23916614873158387,
            -0.004146619879005292,
            1.0
        ],
        "geometry": null,
        "grasp_force": 0.0,
        "grasp_width": 0.0,
        "mass": 0.0,
        "name": "p2_sp",
        "q": [
            0.30748095076589516,
            0.6224689720722666,
            0.1322143079238894,
            -2.174735181272256,
            -0.1994334632820553,
            2.7361665597756706,
            1.4845305872601067
        ]
    },
    {
        "_id": "65f0c58a8fca00707f09dc72",
        "OB_I": [
            0.0,
            0.0,
            0.0,
            0.0,
            0.0,
            0.0,
            0.0,
            0.0,
            0.0
        ],
        "OB_T_TCP": [
            1.0,
            0.0,
            0.0,
            0.0,
            0.0,
            1.0,
            0.0,
            0.0,
            0.0,
            0.0,
            1.0,
            0.0,
            0.0,
            0.0,
            0.0,
            1.0
        ],
        "OB_T_gp": [
            1.0,
            0.0,
            0.0,
            0.0,
            0.0,
            1.0,
            0.0,
            0.0,
            0.0,
            0.0,
            1.0,
            0.0,
            0.0,
            0.0,
            0.0,
            1.0
        ],
        "O_T_OB": [
            1.0,
            0.0,
            0.0,
            0.0,
            0.0,
            -1.0,
            0.0,
            0.0,
            0.0,
            0.0,
            -1.0,
            0.0,
            0.47926574591224724,
            0.2391667486795837,
            0.000851668509789333,
            1.0
        ],
        "O_T_TCP": [
            1.0,
            0.0,
            0.0,
            0.0,
            0.0,
            -1.0,
            0.0,
            0.0,
            0.0,
            0.0,
            -1.0,
            0.0,
            0.47926574591224724,
            0.2391667486795837,
            0.000851668509789333,
            1.0
        ],
        "geometry": null,
        "grasp_force": 0.0,
        "grasp_width": 0.0,
        "mass": 0.0,
        "name": "p2_sp1",
        "q": [
            0.3074809791130353,
            0.6224715037264296,
            0.1322163470370205,
            -2.1747368392604187,
            -0.1994324504037289,
            2.7361665597756706,
            1.4845236736801344
        ]
    },
    {
        "_id": "65f0c90302781731fa077fc1",
        "OB_I": [
            0.0,
            0.0,
            0.0,
            0.0,
            0.0,
            0.0,
            0.0,
            0.0,
            0.0
        ],
        "OB_T_TCP": [
            1.0,
            0.0,
            0.0,
            0.0,
            0.0,
            1.0,
            0.0,
            0.0,
            0.0,
            0.0,
            1.0,
            0.0,
            0.0,
            0.0,
            0.0,
            1.0
        ],
        "OB_T_gp": [
            1.0,
            0.0,
            0.0,
            0.0,
            0.0,
            1.0,
            0.0,
            0.0,
            0.0,
            0.0,
            1.0,
            0.0,
            0.0,
            0.0,
            0.0,
            1.0
        ],
        "O_T_OB": [
            1.0,
            0.0,
            0.0,
            0.0,
            0.0,
            -1.0,
            0.0,
            0.0,
            0.0,
            0.0,
            -1.0,
            0.0,
            0.46427543988270176,
            0.09451115271991717,
            0.27356154422388645,
            1.0
        ],
        "O_T_TCP": [
            1.0,
            0.0,
            0.0,
            0.0,
            0.0,
            -1.0,
            0.0,
            0.0,
            0.0,
            0.0,
            -1.0,
            0.0,
            0.46427543988270176,
            0.09451115271991717,
            0.27356154422388645,
            1.0
        ],
        "geometry": null,
        "grasp_force": 0.0,
        "grasp_width": 0.0,
        "mass": 0.0,
        "name": "p3_sp1",
        "q": [
            -0.15396518107882165,
            -0.13305540426572163,
            0.35980236073607763,
            -2.3169006355352564,
            0.009758118150134882,
            2.1126170528729755,
            0.5451880992129445
        ]
    },
    {
        "_id": "65f0d3e8fb84cf2a120e3631",
        "OB_I": [
            0.0,
            0.0,
            0.0,
            0.0,
            0.0,
            0.0,
            0.0,
            0.0,
            0.0
        ],
        "OB_T_TCP": [
            1.0,
            0.0,
            0.0,
            0.0,
            0.0,
            1.0,
            0.0,
            0.0,
            0.0,
            0.0,
            1.0,
            0.0,
            0.0,
            0.0,
            0.0,
            1.0
        ],
        "OB_T_gp": [
            1.0,
            0.0,
            0.0,
            0.0,
            0.0,
            1.0,
            0.0,
            0.0,
            0.0,
            0.0,
            1.0,
            0.0,
            0.0,
            0.0,
            0.0,
            1.0
        ],
        "O_T_OB": [
            1.0,
            0.0,
            0.0,
            0.0,
            0.0,
            -1.0,
            0.0,
            0.0,
            0.0,
            0.0,
            -1.0,
            0.0,
            0.6880759848080192,
            0.23697792849771698,
            0.24691212085827882,
            1.0
        ],
        "O_T_TCP": [
            1.0,
            0.0,
            0.0,
            0.0,
            0.0,
            -1.0,
            0.0,
            0.0,
            0.0,
            0.0,
            -1.0,
            0.0,
            0.6880759848080192,
            0.23697792849771698,
            0.24691212085827882,
            1.0
        ],
        "geometry": null,
        "grasp_force": 0.0,
        "grasp_width": 0.0,
        "mass": 0.0,
        "name": "p4_sp1",
        "q": [
            0.28226058822451977,
            0.6121795218116358,
            0.07728357154549213,
            -1.405678696857797,
            -0.09612049579315013,
            2.0572903097410777,
            0.772790184580692
        ]
    },
    {
        "_id": "65f0d464fb84cf2a120e3632",
        "OB_I": [
            0.0,
            0.0,
            0.0,
            0.0,
            0.0,
            0.0,
            0.0,
            0.0,
            0.0
        ],
        "OB_T_TCP": [
            1.0,
            0.0,
            0.0,
            0.0,
            0.0,
            1.0,
            0.0,
            0.0,
            0.0,
            0.0,
            1.0,
            0.0,
            0.0,
            0.0,
            0.0,
            1.0
        ],
        "OB_T_gp": [
            1.0,
            0.0,
            0.0,
            0.0,
            0.0,
            1.0,
            0.0,
            0.0,
            0.0,
            0.0,
            1.0,
            0.0,
            0.0,
            0.0,
            0.0,
            1.0
        ],
        "O_T_OB": [
            1.0,
            0.0,
            0.0,
            0.0,
            0.0,
            -1.0,
            0.0,
            0.0,
            0.0,
            0.0,
            -1.0,
            0.0,
            0.5753072320945516,
            0.35772376513316784,
            0.22929512401381655,
            1.0
        ],
        "O_T_TCP": [
            1.0,
            0.0,
            0.0,
            0.0,
            0.0,
            -1.0,
            0.0,
            0.0,
            0.0,
            0.0,
            -1.0,
            0.0,
            0.5753072320945516,
            0.35772376513316784,
            0.22929512401381655,
            1.0
        ],
        "geometry": null,
        "grasp_force": 0.0,
        "grasp_width": 0.0,
        "mass": 0.0,
        "name": "p4_sp2",
        "q": [
            0.5236941784766681,
            0.46791346897149877,
            0.052360733283235594,
            -1.6832814310630315,
            -0.0989316663477156,
            2.1822466918627415,
            1.325044317010376
        ]
    }
]