[
    {
        "_id": "662cf6d59da6c77694097481",
        "OB_I": [
            0.0,
            0.0,
            0.0,
            0.0,
            0.0,
            0.0,
            0.0,
            0.0,
            0.0
        ],
        "OB_T_TCP": [
            1.0,
            0.0,
            0.0,
            0.0,
            0.0,
            1.0,
            0.0,
            0.0,
            0.0,
            0.0,
            1.0,
            0.0,
            0.0,
            0.0,
            0.0,
            1.0
        ],
        "OB_T_gp": [
            1.0,
            0.0,
            0.0,
            0.0,
            0.0,
            1.0,
            0.0,
            0.0,
            0.0,
            0.0,
            1.0,
            0.0,
            0.0,
            0.0,
            0.0,
            1.0
        ],
        "O_T_OB": [
            -0.003296897134233961,
            0.9980665188227753,
            0.06191204547970654,
            0.0,
            0.9999842045773256,
            0.003215555829110513,
            0.0014133993673056504,
            0.0,
            0.0012116082747124631,
            0.061916919477670716,
            -0.9980805714408953,
            0.0,
            0.29787575367798436,
            -0.3252417385162452,
            0.32367844980942745,
            1.0
        ],
        "O_T_TCP": [
            -0.003296897134233961,
            0.9980665188227753,
            0.06191204547970654,
            0.0,
            0.9999842045773256,
            0.003215555829110513,
            0.0014133993673056504,
            0.0,
            0.0012116082747124631,
            0.061916919477670716,
            -0.9980805714408953,
            0.0,
            0.29787575367798436,
            -0.3252417385162452,
            0.32367844980942745,
            1.0
        ],
        "geometry": null,
        "grasp_force": 0.0,
        "grasp_width": 0.0,
        "mass": 0.0,
        "name": "parallelgripper",
        "q": [
            -0.265586914632404,
            -0.33926415647705815,
            -0.5442832038958713,
            -2.3837350467339027,
            -0.1441984901714688,
            2.043042554775882,
            -1.5004376950194223
        ]
    },
    {
        "_id": "662cf7109da6c77694097482",
        "OB_I": [
            0.0,
            0.0,
            0.0,
            0.0,
            0.0,
            0.0,
            0.0,
            0.0,
            0.0
        ],
        "OB_T_TCP": [
            1.0,
            0.0,
            0.0,
            0.0,
            0.0,
            1.0,
            0.0,
            0.0,
            0.0,
            0.0,
            1.0,
            0.0,
            0.0,
            0.0,
            0.0,
            1.0
        ],
        "OB_T_gp": [
            1.0,
            0.0,
            0.0,
            0.0,
            0.0,
            1.0,
            0.0,
            0.0,
            0.0,
            0.0,
            1.0,
            0.0,
            0.0,
            0.0,
            0.0,
            1.0
        ],
        "O_T_OB": [
            0.014955922267766812,
            0.9980178045427637,
            0.060971543411420415,
            0.0,
            0.9998451509090392,
            -0.01542581790082738,
            0.007243289789813413,
            0.0,
            0.008169625390098247,
            0.06085494359053025,
            -0.9981131864981941,
            0.0,
            0.4585884892661641,
            -0.3244625313234552,
            0.3246516601726389,
            1.0
        ],
        "O_T_TCP": [
            0.014955922267766812,
            0.9980178045427637,
            0.060971543411420415,
            0.0,
            0.9998451509090392,
            -0.01542581790082738,
            0.007243289789813413,
            0.0,
            0.008169625390098247,
            0.06085494359053025,
            -0.9981131864981941,
            0.0,
            0.4585884892661641,
            -0.3244625313234552,
            0.3246516601726389,
            1.0
        ],
        "geometry": null,
        "grasp_force": 0.0,
        "grasp_width": 0.0,
        "mass": 0.0,
        "name": "clampgripper",
        "q": [
            -0.06267149554323731,
            0.07338774228514286,
            -0.5817409773126299,
            -1.993468014231899,
            0.10441055013006632,
            2.0225718942682653,
            -1.4611031978376017
        ]
    },
    {
        "_id": "662cf7539da6c77694097483",
        "OB_I": [
            0.0,
            0.0,
            0.0,
            0.0,
            0.0,
            0.0,
            0.0,
            0.0,
            0.0
        ],
        "OB_T_TCP": [
            1.0,
            0.0,
            0.0,
            0.0,
            0.0,
            1.0,
            0.0,
            0.0,
            0.0,
            0.0,
            1.0,
            0.0,
            0.0,
            0.0,
            0.0,
            1.0
        ],
        "OB_T_gp": [
            1.0,
            0.0,
            0.0,
            0.0,
            0.0,
            1.0,
            0.0,
            0.0,
            0.0,
            0.0,
            1.0,
            0.0,
            0.0,
            0.0,
            0.0,
            1.0
        ],
        "O_T_OB": [
            0.028662945817101004,
            0.9991023159991368,
            -0.030882755761997872,
            0.0,
            0.9992239923218724,
            -0.02781514664306414,
            0.02754047361197043,
            0.0,
            0.02665725582395062,
            -0.031648790946620695,
            -0.9991435055804315,
            0.0,
            0.2980284225763521,
            0.2939432458787717,
            0.3252970570363916,
            1.0
        ],
        "O_T_TCP": [
            0.028662945817101004,
            0.9991023159991368,
            -0.030882755761997872,
            0.0,
            0.9992239923218724,
            -0.02781514664306414,
            0.02754047361197043,
            0.0,
            0.02665725582395062,
            -0.031648790946620695,
            -0.9991435055804315,
            0.0,
            0.2980284225763521,
            0.2939432458787717,
            0.3252970570363916,
            1.0
        ],
        "geometry": null,
        "grasp_force": 0.0,
        "grasp_width": 0.0,
        "mass": 0.0,
        "name": "inwardgripper",
        "q": [
            -0.13150420988592038,
            -0.5910869231994609,
            0.8423878823246871,
            -2.461493950224766,
            0.43024283899542004,
            2.007272580018831,
            -0.32924049461042737
        ]
    },
    {
        "_id": "662cf7939da6c77694097484",
        "OB_I": [
            0.0,
            0.0,
            0.0,
            0.0,
            0.0,
            0.0,
            0.0,
            0.0,
            0.0
        ],
        "OB_T_TCP": [
            1.0,
            0.0,
            0.0,
            0.0,
            0.0,
            1.0,
            0.0,
            0.0,
            0.0,
            0.0,
            1.0,
            0.0,
            0.0,
            0.0,
            0.0,
            1.0
        ],
        "OB_T_gp": [
            1.0,
            0.0,
            0.0,
            0.0,
            0.0,
            1.0,
            0.0,
            0.0,
            0.0,
            0.0,
            1.0,
            0.0,
            0.0,
            0.0,
            0.0,
            1.0
        ],
        "O_T_OB": [
            0.007110918828764077,
            0.9988124096488843,
            -0.04799950068499054,
            0.0,
            0.9996586023111041,
            -0.005912196788655882,
            0.02506933696271688,
            0.0,
            0.024756259000924485,
            -0.04816230706027727,
            -0.9985326834004538,
            0.0,
            0.45994914495435135,
            0.2945109723349922,
            0.32689831212424053,
            1.0
        ],
        "O_T_TCP": [
            0.007110918828764077,
            0.9988124096488843,
            -0.04799950068499054,
            0.0,
            0.9996586023111041,
            -0.005912196788655882,
            0.02506933696271688,
            0.0,
            0.024756259000924485,
            -0.04816230706027727,
            -0.9985326834004538,
            0.0,
            0.45994914495435135,
            0.2945109723349922,
            0.32689831212424053,
            1.0
        ],
        "geometry": null,
        "grasp_force": 0.0,
        "grasp_width": 0.0,
        "mass": 0.0,
        "name": "outwardgripper",
        "q": [
            -0.2200741165280342,
            0.001017017489044913,
            0.8059047038275517,
            -2.0689929012328494,
            -0.06193530685371823,
            2.062888259808222,
            -0.16359344563881545
        ]
    },
    {
        "_id": "662cf7b89da6c77694097485",
        "OB_I": [
            0.0,
            0.0,
            0.0,
            0.0,
            0.0,
            0.0,
            0.0,
            0.0,
            0.0
        ],
        "OB_T_TCP": [
            1.0,
            0.0,
            0.0,
            0.0,
            0.0,
            1.0,
            0.0,
            0.0,
            0.0,
            0.0,
            1.0,
            0.0,
            0.0,
            0.0,
            0.0,
            1.0
        ],
        "OB_T_gp": [
            1.0,
            0.0,
            0.0,
            0.0,
            0.0,
            1.0,
            0.0,
            0.0,
            0.0,
            0.0,
            1.0,
            0.0,
            0.0,
            0.0,
            0.0,
            1.0
        ],
        "O_T_OB": [
            1.0,
            0.0,
            0.0,
            0.0,
            0.0,
            1.0,
            0.0,
            0.0,
            0.0,
            0.0,
            1.0,
            0.0,
            0.0,
            0.0,
            0.0,
            1.0
        ],
        "O_T_TCP": [
            1.0,
            0.0,
            0.0,
            0.0,
            0.0,
            1.0,
            0.0,
            0.0,
            0.0,
            0.0,
            1.0,
            0.0,
            0.0,
            0.0,
            0.0,
            1.0
        ],
        "geometry": null,
        "grasp_force": 1.0,
        "grasp_width": 0.0,
        "mass": 0.0,
        "name": "TestObject1",
        "q": [
            0.0,
            0.0,
            0.0,
            0.0,
            0.0,
            0.0,
            0.0
        ]
    },
    {
        "_id": "662cf7b89da6c77694097486",
        "OB_I": [
            0.0,
            0.0,
            0.0,
            0.0,
            0.0,
            0.0,
            0.0,
            0.0,
            0.0
        ],
        "OB_T_TCP": [
            1.0,
            0.0,
            0.0,
            0.0,
            0.0,
            1.0,
            0.0,
            0.0,
            0.0,
            0.0,
            1.0,
            0.0,
            0.0,
            0.0,
            0.0,
            1.0
        ],
        "OB_T_gp": [
            1.0,
            0.0,
            0.0,
            0.0,
            0.0,
            1.0,
            0.0,
            0.0,
            0.0,
            0.0,
            1.0,
            0.0,
            0.0,
            0.0,
            0.0,
            1.0
        ],
        "O_T_OB": [
            1.0,
            0.0,
            0.0,
            0.0,
            0.0,
            1.0,
            0.0,
            0.0,
            0.0,
            0.0,
            1.0,
            0.0,
            0.0,
            0.0,
            0.0,
            1.0
        ],
        "O_T_TCP": [
            1.0,
            0.0,
            0.0,
            0.0,
            0.0,
            1.0,
            0.0,
            0.0,
            0.0,
            0.0,
            1.0,
            0.0,
            0.0,
            0.0,
            0.0,
            1.0
        ],
        "geometry": null,
        "grasp_force": 0.0,
        "grasp_width": 0.0,
        "mass": 0.0,
        "name": "NullObject",
        "q": [
            0.0,
            0.0,
            0.0,
            0.0,
            0.0,
            0.0,
            0.0
        ]
    },
    {
        "_id": "662cf7b89da6c77694097487",
        "OB_I": [
            0.0,
            0.0,
            0.0,
            0.0,
            0.0,
            0.0,
            0.0,
            0.0,
            0.0
        ],
        "OB_T_TCP": [
            1.0,
            0.0,
            0.0,
            0.0,
            0.0,
            1.0,
            0.0,
            0.0,
            0.0,
            0.0,
            1.0,
            0.0,
            0.0,
            0.0,
            0.0,
            1.0
        ],
        "OB_T_gp": [
            1.0,
            0.0,
            0.0,
            0.0,
            0.0,
            1.0,
            0.0,
            0.0,
            0.0,
            0.0,
            1.0,
            0.0,
            0.0,
            0.0,
            0.0,
            1.0
        ],
        "O_T_OB": [
            0.9999812733532244,
            -0.004095674352429797,
            -0.0011938574751093364,
            0.0,
            -0.004095012319882757,
            -0.9999818339071443,
            0.0005564449774070542,
            0.0,
            -0.0011961378341658138,
            -0.0005515563151579818,
            -0.9999991325195802,
            0.0,
            0.28859435980734954,
            0.036735663820017424,
            0.3333402232967671,
            1.0
        ],
        "O_T_TCP": [
            0.9999812733532244,
            -0.004095674352429797,
            -0.0011938574751093364,
            0.0,
            -0.004095012319882757,
            -0.9999818339071443,
            0.0005564449774070542,
            0.0,
            -0.0011961378341658138,
            -0.0005515563151579818,
            -0.9999991325195802,
            0.0,
            0.28851063015895795,
            0.03669705487795637,
            0.2633402840203965,
            1.0
        ],
        "geometry": null,
        "grasp_force": 0.0,
        "grasp_width": 0.0,
        "mass": 0.0,
        "name": "gearbase_hole1",
        "q": [
            0.07599448252351661,
            -0.8593386891246501,
            0.04557626137241982,
            -2.7892953027462952,
            0.03640426313366796,
            1.9290043814175624,
            0.8824473867361647
        ]
    },
    {
        "_id": "662cf7b89da6c77694097488",
        "OB_I": [
            0.0,
            0.0,
            0.0,
            0.0,
            0.0,
            0.0,
            0.0,
            0.0,
            0.0
        ],
        "OB_T_TCP": [
            1.0,
            0.0,
            0.0,
            0.0,
            0.0,
            1.0,
            0.0,
            0.0,
            0.0,
            0.0,
            1.0,
            0.0,
            0.0,
            0.0,
            0.0,
            1.0
        ],
        "OB_T_gp": [
            1.0,
            0.0,
            0.0,
            0.0,
            0.0,
            1.0,
            0.0,
            0.0,
            0.0,
            0.0,
            1.0,
            0.0,
            0.0,
            0.0,
            0.0,
            1.0
        ],
        "O_T_OB": [
            -0.02405268971449932,
            -0.999350109142552,
            0.026487249299911187,
            0.0,
            -0.998520867937328,
            0.02530289761840895,
            0.0479227145204212,
            0.0,
            -0.04856270912625561,
            -0.025295888001814256,
            -0.9984997653142029,
            0.0,
            -0.29627286474447195,
            0.5402193926564312,
            0.24951815252804269,
            1.0
        ],
        "O_T_TCP": [
            -0.02405268971449932,
            -0.999350109142552,
            0.026487249299911187,
            0.0,
            -0.998520867937328,
            0.02530289761840895,
            0.0479227145204212,
            0.0,
            -0.04856270912625561,
            -0.025295888001814256,
            -0.9984997653142029,
            0.0,
            -0.29627286474447195,
            0.5402193926564312,
            0.24951815252804269,
            1.0
        ],
        "geometry": null,
        "grasp_force": 0.0,
        "grasp_width": 0.0,
        "mass": 0.0,
        "name": "inward_claw",
        "q": [
            1.1466555126372133,
            0.4911871555482781,
            1.0211879908664732,
            -1.889103684814978,
            -0.42553616185983023,
            2.12249806078275,
            -1.560074370787497
        ]
    },
    {
        "_id": "662cf7b89da6c77694097489",
        "OB_I": [
            0.0,
            0.0,
            0.0,
            0.0,
            0.0,
            0.0,
            0.0,
            0.0,
            0.0
        ],
        "OB_T_TCP": [
            1.0,
            0.0,
            0.0,
            0.0,
            0.0,
            1.0,
            0.0,
            0.0,
            0.0,
            0.0,
            1.0,
            0.0,
            0.0,
            0.0,
            0.0,
            1.0
        ],
        "OB_T_gp": [
            1.0,
            0.0,
            0.0,
            0.0,
            0.0,
            1.0,
            0.0,
            0.0,
            0.0,
            0.0,
            1.0,
            0.0,
            0.0,
            0.0,
            0.0,
            1.0
        ],
        "O_T_OB": [
            -0.030237889060397694,
            0.9941032227460016,
            0.10404421892826617,
            0.0,
            0.9990370460044222,
            0.03333771394241911,
            -0.028183762010417793,
            0.0,
            -0.031486771269573506,
            0.10309379653800622,
            -0.9941731500852344,
            0.0,
            -0.015942964370017125,
            0.4375202893228714,
            0.42062840472064134,
            1.0
        ],
        "O_T_TCP": [
            -0.030237889060397694,
            0.9941032227460016,
            0.10404421892826617,
            0.0,
            0.9990370460044222,
            0.03333771394241911,
            -0.028183762010417793,
            0.0,
            -0.031486771269573506,
            0.10309379653800622,
            -0.9941731500852344,
            0.0,
            -0.015942964370017125,
            0.4375202893228714,
            0.42062840472064134,
            1.0
        ],
        "geometry": null,
        "grasp_force": 0.0,
        "grasp_width": 0.0,
        "mass": 0.0,
        "name": "initialposition2",
        "q": [
            1.5506923031671005,
            -0.4497734840543152,
            0.038535913673190224,
            -2.3152158262018574,
            0.050607820335361695,
            1.9691166749798155,
            0.7517650229864651
        ]
    },
    {
        "_id": "662cf7b89da6c7769409748a",
        "OB_I": [
            0.0,
            0.0,
            0.0,
            0.0,
            0.0,
            0.0,
            0.0,
            0.0,
            0.0
        ],
        "OB_T_TCP": [
            1.0,
            0.0,
            0.0,
            0.0,
            0.0,
            1.0,
            0.0,
            0.0,
            0.0,
            0.0,
            1.0,
            0.0,
            0.0,
            0.0,
            0.0,
            1.0
        ],
        "OB_T_gp": [
            1.0,
            0.0,
            0.0,
            0.0,
            0.0,
            1.0,
            0.0,
            0.0,
            0.0,
            0.0,
            1.0,
            0.0,
            0.0,
            0.0,
            0.0,
            1.0
        ],
        "O_T_OB": [
            0.9995089972030239,
            0.0009287242004583376,
            -0.03101046408509993,
            0.0,
            7.227312940588693e-05,
            -0.9996092054654878,
            -0.02760757190444296,
            0.0,
            -0.03102458250471811,
            0.027592306523539775,
            -0.999137698168335,
            0.0,
            0.2854430011255601,
            -0.08560812633388973,
            0.3384090838068966,
            1.0
        ],
        "O_T_TCP": [
            0.9995089972030239,
            0.0009287242004583376,
            -0.03101046408509993,
            0.0,
            7.227312940588693e-05,
            -0.9996092054654878,
            -0.02760757190444296,
            0.0,
            -0.03102458250471811,
            0.027592306523539775,
            -0.999137698168335,
            0.0,
            0.28280591161265906,
            -0.08326278027938885,
            0.2534823794625881,
            1.0
        ],
        "geometry": null,
        "grasp_force": 0.0,
        "grasp_width": 0.0,
        "mass": 0.0,
        "name": "gear2",
        "q": [
            -0.09185658222959753,
            -0.8171154486832238,
            -0.1846761311522782,
            -2.737013148496554,
            -0.12010297716860234,
            1.8897774244048597,
            0.6082470130059453
        ]
    },
    {
        "_id": "662cf7b89da6c7769409748b",
        "OB_I": [
            0.0,
            0.0,
            0.0,
            0.0,
            0.0,
            0.0,
            0.0,
            0.0,
            0.0
        ],
        "OB_T_TCP": [
            1.0,
            0.0,
            0.0,
            0.0,
            0.0,
            1.0,
            0.0,
            0.0,
            0.0,
            0.0,
            1.0,
            0.0,
            0.0,
            0.0,
            0.0,
            1.0
        ],
        "OB_T_gp": [
            1.0,
            0.0,
            0.0,
            0.0,
            0.0,
            1.0,
            0.0,
            0.0,
            0.0,
            0.0,
            1.0,
            0.0,
            0.0,
            0.0,
            0.0,
            1.0
        ],
        "O_T_OB": [
            0.03173898612252293,
            0.9982326382781231,
            0.05004981056328121,
            0.0,
            0.9987842695688426,
            -0.02980004258186478,
            -0.03902162509636153,
            0.0,
            -0.037461894541397284,
            0.05122845660945351,
            -0.9979840939067026,
            0.0,
            -0.2748815546694312,
            0.3324526946698264,
            0.19020321271820365,
            1.0
        ],
        "O_T_TCP": [
            0.03173898612252293,
            0.9982326382781231,
            0.05004981056328121,
            0.0,
            0.9987842695688426,
            -0.02980004258186478,
            -0.03902162509636153,
            0.0,
            -0.037461894541397284,
            0.05122845660945351,
            -0.9979840939067026,
            0.0,
            -0.2748815546694312,
            0.3324526946698264,
            0.19020321271820365,
            1.0
        ],
        "geometry": null,
        "grasp_force": 0.0,
        "grasp_width": 0.0,
        "mass": 0.0,
        "name": "sp_shaft2",
        "q": [
            2.3878911709999446,
            -0.13898968152668084,
            -0.1298367435116517,
            -2.652961812604937,
            -0.0403083813485689,
            2.578178659995397,
            1.5375320562521366
        ]
    },
    {
        "_id": "662cf7b89da6c7769409748c",
        "OB_I": [
            0.0,
            0.0,
            0.0,
            0.0,
            0.0,
            0.0,
            0.0,
            0.0,
            0.0
        ],
        "OB_T_TCP": [
            1.0,
            0.0,
            0.0,
            0.0,
            0.0,
            1.0,
            0.0,
            0.0,
            0.0,
            0.0,
            1.0,
            0.0,
            0.0,
            0.0,
            0.0,
            1.0
        ],
        "OB_T_gp": [
            1.0,
            0.0,
            0.0,
            0.0,
            0.0,
            1.0,
            0.0,
            0.0,
            0.0,
            0.0,
            1.0,
            0.0,
            0.0,
            0.0,
            0.0,
            1.0
        ],
        "O_T_OB": [
            -0.5652402046656898,
            0.805912836269351,
            0.1760362413453204,
            0.0,
            0.8101766382360048,
            0.5825117783483679,
            -0.0653803475307077,
            0.0,
            -0.15523703410852738,
            0.10566688361643159,
            -0.9822097397949072,
            0.0,
            -0.2763305579573874,
            0.33279789980415175,
            0.3557425405921873,
            1.0
        ],
        "O_T_TCP": [
            -0.5652402046656898,
            0.805912836269351,
            0.1760362413453204,
            0.0,
            0.8101766382360048,
            0.5825117783483679,
            -0.0653803475307077,
            0.0,
            -0.15523703410852738,
            0.10566688361643159,
            -0.9822097397949072,
            0.0,
            -0.2763305579573874,
            0.33279789980415175,
            0.3557425405921873,
            1.0
        ],
        "geometry": null,
        "grasp_force": 0.0,
        "grasp_width": 0.0,
        "mass": 0.0,
        "name": "sp_shaft2_above",
        "q": [
            2.4060116416811943,
            -0.4776864408442848,
            -0.14955661941620338,
            -2.5259720389105635,
            -0.021758461500339422,
            2.2347033861374603,
            0.8756390861099728
        ]
    },
    {
        "_id": "662cf7b89da6c7769409748d",
        "OB_I": [
            0.0,
            0.0,
            0.0,
            0.0,
            0.0,
            0.0,
            0.0,
            0.0,
            0.0
        ],
        "OB_T_TCP": [
            1.0,
            0.0,
            0.0,
            0.0,
            0.0,
            1.0,
            0.0,
            0.0,
            0.0,
            0.0,
            1.0,
            0.0,
            0.0,
            0.0,
            0.0,
            1.0
        ],
        "OB_T_gp": [
            1.0,
            0.0,
            0.0,
            0.0,
            0.0,
            1.0,
            0.0,
            0.0,
            0.0,
            0.0,
            1.0,
            0.0,
            0.0,
            0.0,
            0.0,
            1.0
        ],
        "O_T_OB": [
            -0.03847458660057955,
            0.9992279041866523,
            0.006636910566905391,
            0.0,
            0.9989573170328562,
            0.0386231991192383,
            -0.023943143852083248,
            0.0,
            -0.024181461737390535,
            0.005708897725647523,
            -0.9996912850450389,
            0.0,
            -0.28040527035598145,
            0.5625029367429322,
            0.21460991049071504,
            1.0
        ],
        "O_T_TCP": [
            -0.03847458660057955,
            0.9992279041866523,
            0.006636910566905391,
            0.0,
            0.9989573170328562,
            0.0386231991192383,
            -0.023943143852083248,
            0.0,
            -0.024181461737390535,
            0.005708897725647523,
            -0.9996912850450389,
            0.0,
            -0.28040527035598145,
            0.5625029367429322,
            0.21460991049071504,
            1.0
        ],
        "geometry": null,
        "grasp_force": 0.0,
        "grasp_width": 0.0,
        "mass": 0.0,
        "name": "p2_n2",
        "q": [
            1.5703048682036513,
            0.39783672250131485,
            0.4982862662432487,
            -1.8933198999940302,
            -0.21576868739395502,
            2.251606949418013,
            1.345509883842923
        ]
    },
    {
        "_id": "662cf7b89da6c7769409748e",
        "OB_I": [
            0.0,
            0.0,
            0.0,
            0.0,
            0.0,
            0.0,
            0.0,
            0.0,
            0.0
        ],
        "OB_T_TCP": [
            1.0,
            0.0,
            0.0,
            0.0,
            0.0,
            1.0,
            0.0,
            0.0,
            0.0,
            0.0,
            1.0,
            0.0,
            0.0,
            0.0,
            0.0,
            1.0
        ],
        "OB_T_gp": [
            1.0,
            0.0,
            0.0,
            0.0,
            0.0,
            1.0,
            0.0,
            0.0,
            0.0,
            0.0,
            1.0,
            0.0,
            0.0,
            0.0,
            0.0,
            1.0
        ],
        "O_T_OB": [
            -0.3906372923180876,
            0.9204079634018747,
            0.015245775087359574,
            0.0,
            0.9202843547242807,
            0.39086355071749906,
            -0.01682670708818005,
            0.0,
            -0.02144686590450544,
            0.007457452572057124,
            -0.9997421759353806,
            0.0,
            0.5416091667977869,
            0.23056869998184873,
            -0.005339503846320045,
            1.0
        ],
        "O_T_TCP": [
            -0.3906372923180876,
            0.9204079634018747,
            0.015245775087359574,
            0.0,
            0.9202843547242807,
            0.39086355071749906,
            -0.01682670708818005,
            0.0,
            -0.02144686590450544,
            0.007457452572057124,
            -0.9997421759353806,
            0.0,
            0.5416091667977869,
            0.23056869998184873,
            -0.005339503846320045,
            1.0
        ],
        "geometry": null,
        "grasp_force": 0.0,
        "grasp_width": 0.0,
        "mass": 0.0,
        "name": "p2_sp1",
        "q": [
            0.3674982954399627,
            0.7058114279278537,
            0.031059863668303392,
            -2.001528142847549,
            -0.011622414170942152,
            2.6900898772047506,
            -0.7850909599531587
        ]
    },
    {
        "_id": "662cf7b89da6c7769409748f",
        "OB_I": [
            0.0,
            0.0,
            0.0,
            0.0,
            0.0,
            0.0,
            0.0,
            0.0,
            0.0
        ],
        "OB_T_TCP": [
            1.0,
            0.0,
            0.0,
            0.0,
            0.0,
            1.0,
            0.0,
            0.0,
            0.0,
            0.0,
            1.0,
            0.0,
            0.0,
            0.0,
            0.0,
            1.0
        ],
        "OB_T_gp": [
            1.0,
            0.0,
            0.0,
            0.0,
            0.0,
            1.0,
            0.0,
            0.0,
            0.0,
            0.0,
            1.0,
            0.0,
            0.0,
            0.0,
            0.0,
            1.0
        ],
        "O_T_OB": [
            0.9615178896611494,
            -0.0310456475915631,
            0.27294736219351606,
            0.0,
            -0.03111913719947706,
            -0.9994978009874119,
            -0.004061037120756576,
            0.0,
            0.2729416207970309,
            -0.004589214926758309,
            -0.962019651952623,
            0.0,
            0.3332423428708804,
            -0.014868445719879315,
            0.542979758002826,
            1.0
        ],
        "O_T_TCP": [
            0.9615178896611494,
            -0.0310456475915631,
            0.27294736219351606,
            0.0,
            -0.03111913719947706,
            -0.9994978009874119,
            -0.004061037120756576,
            0.0,
            0.2729416207970309,
            -0.004589214926758309,
            -0.962019651952623,
            0.0,
            0.35234825632667255,
            -0.015189690764752397,
            0.4756383823661424,
            1.0
        ],
        "geometry": null,
        "grasp_force": 0.0,
        "grasp_width": 0.0,
        "mass": 0.0,
        "name": "ferris_the_crab",
        "q": [
            -0.09900466287136078,
            -0.8511159126571334,
            0.028537392830900673,
            -2.327828904535004,
            0.038575711649323975,
            1.7529060029188794,
            0.7381586998502331
        ]
    },
    {
        "_id": "662cf7b89da6c77694097490",
        "OB_I": [
            0.0,
            0.0,
            0.0,
            0.0,
            0.0,
            0.0,
            0.0,
            0.0,
            0.0
        ],
        "OB_T_TCP": [
            1.0,
            0.0,
            0.0,
            0.0,
            0.0,
            1.0,
            0.0,
            0.0,
            0.0,
            0.0,
            1.0,
            0.0,
            0.0,
            0.0,
            0.0,
            1.0
        ],
        "OB_T_gp": [
            1.0,
            0.0,
            0.0,
            0.0,
            0.0,
            1.0,
            0.0,
            0.0,
            0.0,
            0.0,
            1.0,
            0.0,
            0.0,
            0.0,
            0.0,
            1.0
        ],
        "O_T_OB": [
            -0.7670325848858576,
            -0.6410938681792032,
            0.025306378791810035,
            0.0,
            -0.6395410237084117,
            0.7671364076897498,
            0.049696658761641144,
            0.0,
            -0.05127465491506417,
            0.021934911546283895,
            -0.9984436736335195,
            0.0,
            -0.27998567269576946,
            0.5668166088777099,
            0.2224894936706944,
            1.0
        ],
        "O_T_TCP": [
            -0.7670325848858576,
            -0.6410938681792032,
            0.025306378791810035,
            0.0,
            -0.6395410237084117,
            0.7671364076897498,
            0.049696658761641144,
            0.0,
            -0.05127465491506417,
            0.021934911546283895,
            -0.9984436736335195,
            0.0,
            -0.27998567269576946,
            0.5668166088777099,
            0.2224894936706944,
            1.0
        ],
        "geometry": null,
        "grasp_force": 0.0,
        "grasp_width": 0.0,
        "mass": 0.0,
        "name": "p2_n1",
        "q": [
            1.5286179915938458,
            0.39123391699293775,
            0.5349895313363059,
            -1.8972686476502396,
            -0.20874278682342615,
            2.270374859585192,
            -0.8939703330265151
        ]
    },
    {
        "_id": "662cf7b89da6c77694097491",
        "OB_I": [
            0.0,
            0.0,
            0.0,
            0.0,
            0.0,
            0.0,
            0.0,
            0.0,
            0.0
        ],
        "OB_T_TCP": [
            1.0,
            0.0,
            0.0,
            0.0,
            0.0,
            1.0,
            0.0,
            0.0,
            0.0,
            0.0,
            1.0,
            0.0,
            0.0,
            0.0,
            0.0,
            1.0
        ],
        "OB_T_gp": [
            1.0,
            0.0,
            0.0,
            0.0,
            0.0,
            1.0,
            0.0,
            0.0,
            0.0,
            0.0,
            1.0,
            0.0,
            0.0,
            0.0,
            0.0,
            1.0
        ],
        "O_T_OB": [
            0.015031294287733315,
            0.9979993149094961,
            0.06125499598743281,
            0.0,
            0.9998506623728578,
            -0.015450639568021375,
            0.00637789861201826,
            0.0,
            0.0073117080831368655,
            0.061151157589985204,
            -0.9981017357215205,
            0.0,
            0.45847604286596066,
            -0.3243931131077719,
            0.324239838427605,
            1.0
        ],
        "O_T_TCP": [
            1.0,
            0.0,
            0.0,
            0.0,
            0.0,
            1.0,
            0.0,
            0.0,
            0.0,
            0.0,
            1.0,
            0.0,
            0.0,
            0.0,
            0.0,
            1.0
        ],
        "geometry": null,
        "grasp_force": 0.0,
        "grasp_width": 0.0,
        "mass": 0.0,
        "name": "EndEffector",
        "q": [
            -0.06267998155570655,
            0.07390685513466498,
            -0.5817409770279379,
            -1.9938080410011874,
            0.1044123602394619,
            2.0224786817115987,
            -1.461098620184932
        ]
    },
    {
        "_id": "662cf7b89da6c77694097492",
        "OB_I": [
            0.0,
            0.0,
            0.0,
            0.0,
            0.0,
            0.0,
            0.0,
            0.0,
            0.0
        ],
        "OB_T_TCP": [
            1.0,
            0.0,
            0.0,
            0.0,
            0.0,
            1.0,
            0.0,
            0.0,
            0.0,
            0.0,
            1.0,
            0.0,
            0.0,
            0.0,
            0.0,
            1.0
        ],
        "OB_T_gp": [
            1.0,
            0.0,
            0.0,
            0.0,
            0.0,
            1.0,
            0.0,
            0.0,
            0.0,
            0.0,
            1.0,
            0.0,
            0.0,
            0.0,
            0.0,
            1.0
        ],
        "O_T_OB": [
            -0.9999511693327637,
            0.005795104725127399,
            0.006694969191221638,
            0.0,
            0.005676923956787325,
            0.9998204500065859,
            -0.017538163650304785,
            0.0,
            -0.00679553343966406,
            -0.017499637341326747,
            -0.9998237761816791,
            0.0,
            -0.28525213823562634,
            0.5657042239474747,
            0.23866900068692073,
            1.0
        ],
        "O_T_TCP": [
            -0.9999511693327637,
            0.005795104725127399,
            0.006694969191221638,
            0.0,
            0.005676923956787325,
            0.9998204500065859,
            -0.017538163650304785,
            0.0,
            -0.00679553343966406,
            -0.017499637341326747,
            -0.9998237761816791,
            0.0,
            -0.28525213823562634,
            0.5657042239474747,
            0.23866900068692073,
            1.0
        ],
        "geometry": null,
        "grasp_force": 0.0,
        "grasp_width": 0.0,
        "mass": 0.0,
        "name": "normalcontainer",
        "q": [
            1.48723348463888,
            0.4174561200767826,
            0.6111280596883836,
            -1.8220793050632123,
            -0.26309194494459087,
            2.141865217341235,
            -0.1461896891569508
        ]
    },
    {
        "_id": "662cf7b89da6c77694097493",
        "OB_I": [
            0.0,
            0.0,
            0.0,
            0.0,
            0.0,
            0.0,
            0.0,
            0.0,
            0.0
        ],
        "OB_T_TCP": [
            1.0,
            0.0,
            0.0,
            0.0,
            0.0,
            1.0,
            0.0,
            0.0,
            0.0,
            0.0,
            1.0,
            0.0,
            0.0,
            0.0,
            0.0,
            1.0
        ],
        "OB_T_gp": [
            1.0,
            0.0,
            0.0,
            0.0,
            0.0,
            1.0,
            0.0,
            0.0,
            0.0,
            0.0,
            1.0,
            0.0,
            0.0,
            0.0,
            0.0,
            1.0
        ],
        "O_T_OB": [
            0.9995210312027456,
            -0.02108802959629215,
            0.022220488121427916,
            0.0,
            -0.020154087917596285,
            -0.9989277578944894,
            -0.041447486646434044,
            0.0,
