[
    {
        "_id": "65eb7417886cb04353024ad1",
        "OB_I": [
            0.0,
            0.0,
            0.0,
            0.0,
            0.0,
            0.0,
            0.0,
            0.0,
            0.0
        ],
        "OB_T_TCP": [
            1.0,
            0.0,
            0.0,
            0.0,
            0.0,
            1.0,
            0.0,
            0.0,
            0.0,
            0.0,
            1.0,
            0.0,
            0.0,
            0.0,
            0.0,
            1.0
        ],
        "OB_T_gp": [
            1.0,
            0.0,
            0.0,
            0.0,
            0.0,
            1.0,
            0.0,
            0.0,
            0.0,
            0.0,
            1.0,
            0.0,
            0.0,
            0.0,
            0.0,
            1.0
        ],
        "O_T_OB": [
            1.0,
            0.0,
            0.0,
            0.0,
            0.0,
            1.0,
            0.0,
            0.0,
            0.0,
            0.0,
            1.0,
            0.0,
            0.0,
            0.0,
            0.0,
            1.0
        ],
        "O_T_TCP": [
            1.0,
            0.0,
            0.0,
            0.0,
            0.0,
            1.0,
            0.0,
            0.0,
            0.0,
            0.0,
            1.0,
            0.0,
            0.0,
            0.0,
            0.0,
            1.0
        ],
        "geometry": null,
        "grasp_force": 1.0,
        "grasp_width": 0.0,
        "mass": 0.0,
        "name": "TestObject1",
        "q": [
            0.0,
            0.0,
            0.0,
            0.0,
            0.0,
            0.0,
            0.0
        ]
    },
    {
        "_id": "65eb741d2c800a25d3000d41",
        "OB_I": [
            0.0,
            0.0,
            0.0,
            0.0,
            0.0,
            0.0,
            0.0,
            0.0,
            0.0
        ],
        "OB_T_TCP": [
            1.0,
            0.0,
            0.0,
            0.0,
            0.0,
            1.0,
            0.0,
            0.0,
            0.0,
            0.0,
            1.0,
            0.0,
            0.0,
            0.0,
            0.0,
            1.0
        ],
        "OB_T_gp": [
            1.0,
            0.0,
            0.0,
            0.0,
            0.0,
            1.0,
            0.0,
            0.0,
            0.0,
            0.0,
            1.0,
            0.0,
            0.0,
            0.0,
            0.0,
            1.0
        ],
        "O_T_OB": [
            1.0,
            0.0,
            0.0,
            0.0,
            0.0,
            1.0,
            0.0,
            0.0,
            0.0,
            0.0,
            1.0,
            0.0,
            0.0,
            0.0,
            0.0,
            1.0
        ],
        "O_T_TCP": [
            1.0,
            0.0,
            0.0,
            0.0,
            0.0,
            1.0,
            0.0,
            0.0,
            0.0,
            0.0,
            1.0,
            0.0,
            0.0,
            0.0,
            0.0,
            1.0
        ],
        "geometry": null,
        "grasp_force": 0.0,
        "grasp_width": 0.0,
        "mass": 0.0,
        "name": "NullObject",
        "q": [
            0.0,
            0.0,
            0.0,
            0.0,
            0.0,
            0.0,
            0.0
        ]
    },
    {
        "_id": "65eb741d2c800a25d3000d42",
        "OB_I": [
            0.0,
            0.0,
            0.0,
            0.0,
            0.0,
            0.0,
            0.0,
            0.0,
            0.0
        ],
        "OB_T_TCP": [
            1.0,
            0.0,
            0.0,
            0.0,
            0.0,
            1.0,
            0.0,
            0.0,
            0.0,
            0.0,
            1.0,
            0.0,
            0.0,
            0.0,
            0.0,
            1.0
        ],
        "OB_T_gp": [
            1.0,
            0.0,
            0.0,
            0.0,
            0.0,
            1.0,
            0.0,
            0.0,
            0.0,
            0.0,
            1.0,
            0.0,
            0.0,
            0.0,
            0.0,
            1.0
        ],
        "O_T_OB": [
            1.0,
            0.0,
            0.0,
            0.0,
            0.0,
            1.0,
            0.0,
            0.0,
            0.0,
            0.0,
            1.0,
            0.0,
            0.0,
            0.0,
            0.0,
            1.0
        ],
        "O_T_TCP": [
            1.0,
            0.0,
            0.0,
            0.0,
            0.0,
            1.0,
            0.0,
            0.0,
            0.0,
            0.0,
            1.0,
            0.0,
            0.0,
            0.0,
            0.0,
            1.0
        ],
        "geometry": null,
        "grasp_force": 0.0,
        "grasp_width": 0.0,
        "mass": 0.0,
        "name": "NoneObject",
        "q": [
            0.0,
            0.0,
            0.0,
            0.0,
            0.0,
            0.0,
            0.0
        ]
    },
    {
        "_id": "65eb741d2c800a25d3000d43",
        "OB_I": [
            0.0,
            0.0,
            0.0,
            0.0,
            0.0,
            0.0,
            0.0,
            0.0,
            0.0
        ],
        "OB_T_TCP": [
            1.0,
            0.0,
            0.0,
            0.0,
            0.0,
            1.0,
            0.0,
            0.0,
            0.0,
            0.0,
            1.0,
            0.0,
            0.0,
            0.0,
            0.0,
            1.0
        ],
        "OB_T_gp": [
            1.0,
            0.0,
            0.0,
            0.0,
            0.0,
            1.0,
            0.0,
            0.0,
            0.0,
            0.0,
            1.0,
            0.0,
            0.0,
            0.0,
            0.0,
            1.0
        ],
        "O_T_OB": [
            0.9995722619883122,
            -0.027447209201411277,
            -0.009093441143559294,
            0.0,
            -0.02746480519468807,
            -0.9996114916840482,
            -0.0018157835823908119,
            0.0,
            -0.00904024412691719,
            0.0020647962460148953,
            -0.9999570043769821,
            0.0,
            0.6069573259195675,
            -0.3083877869672477,
            0.27978918349259385,
            1.0
        ],
        "O_T_TCP": [
            1.0,
            0.0,
            0.0,
            0.0,
            0.0,
            1.0,
            0.0,
            0.0,
            0.0,
            0.0,
            1.0,
            0.0,
            0.0,
            0.0,
            0.0,
            1.0
        ],
        "geometry": null,
        "grasp_force": 0.0,
        "grasp_width": 0.0,
        "mass": 0.0,
        "name": "EndEffector",
        "q": [
            -0.3643245217085508,
            0.45576309755724276,
            -0.12771564906730984,
            -1.5608359567119798,
            0.05922208103871174,
            2.0037192153135934,
            0.3083716951939795
        ]
    },
    {
        "_id": "65eb74332c800a25d3000d44",
        "OB_I": [
            0.0,
            0.0,
            0.0,
            0.0,
            0.0,
            0.0,
            0.0,
            0.0,
            0.0
        ],
        "OB_T_TCP": [
            1.0,
            0.0,
            0.0,
            0.0,
            0.0,
            1.0,
            0.0,
            0.0,
            0.0,
            0.0,
            1.0,
            0.0,
            0.0,
            0.0,
            0.0,
            1.0
        ],
        "OB_T_gp": [
            1.0,
            0.0,
            0.0,
            0.0,
            0.0,
            1.0,
            0.0,
            0.0,
            0.0,
            0.0,
            1.0,
            0.0,
            0.0,
            0.0,
            0.0,
            1.0
        ],
        "O_T_OB": [
            -0.9993938589627782,
            -0.019959674635375253,
            0.02818284863431975,
            0.0,
            -0.01984070888343409,
            0.9997834226459386,
            0.0044945494306065075,
            0.0,
            -0.02826699883912122,
            0.00393273312179257,
            -0.999592672235457,
            0.0,
            -0.37484573960170936,
            0.3533845541917834,
            0.1748708579262803,
            1.0
        ],
        "O_T_TCP": [
            -0.9993938589627782,
            -0.019959674635375253,
            0.02818284863431975,
            0.0,
            -0.01984070888343409,
            0.9997834226459386,
            0.0044945494306065075,
            0.0,
            -0.02826699883912122,
            0.00393273312179257,
            -0.999592672235457,
            0.0,
            -0.37484573960170936,
            0.3533845541917834,
            0.1748708579262803,
            1.0
        ],
        "geometry": null,
        "grasp_force": 0.0,
        "grasp_width": 0.0,
        "mass": 0.0,
        "name": "screwbolt",
        "q": [
            1.6550573774574837,
            0.15321099584385517,
            0.7222888105859068,
            -2.3508161678625883,
            -0.13811986689658284,
            2.484654771697428,
            0.10289976926765454
        ]
    },
    {
        "_id": "65eb74ac2c800a25d3000d45",
        "OB_I": [
            0.0,
            0.0,
            0.0,
            0.0,
            0.0,
            0.0,
            0.0,
            0.0,
            0.0
        ],
        "OB_T_TCP": [
            1.0,
            0.0,
            0.0,
            0.0,
            0.0,
            1.0,
            0.0,
            0.0,
            0.0,
            0.0,
            1.0,
            0.0,
            0.0,
            0.0,
            0.0,
            1.0
        ],
        "OB_T_gp": [
            1.0,
            0.0,
            0.0,
            0.0,
            0.0,
            1.0,
            0.0,
            0.0,
            0.0,
            0.0,
            1.0,
            0.0,
            0.0,
            0.0,
            0.0,
            1.0
        ],
        "O_T_OB": [
            -0.9754081093603869,
            -0.21792603402093702,
            0.03268043437760813,
            0.0,
            -0.21721197651678822,
            0.9758183257555578,
            0.024047853927084306,
            0.0,
            -0.037131535089479584,
            0.016358204934740318,
            -0.9991764900322725,
            0.0,
            -0.49456060992516254,
            0.34523358993584274,
            0.18533646391614586,
            1.0
        ],
        "O_T_TCP": [
            -0.9754081093603869,
            -0.21792603402093702,
            0.03268043437760813,
            0.0,
            -0.21721197651678822,
            0.9758183257555578,
            0.024047853927084306,
            0.0,
            -0.037131535089479584,
            0.016358204934740318,
            -0.9991764900322725,
            0.0,
            -0.49456060992516254,
            0.34523358993584274,
            0.18533646391614586,
            1.0
        ],
        "geometry": null,
        "grasp_force": 0.0,
        "grasp_width": 0.0,
        "mass": 0.0,
        "name": "screwhole",
        "q": [
            1.331823483964853,
            1.2933396335568335,
            1.6098604303502224,
            -1.920375438578031,
            -1.3170606204536117,
            1.6645034709950923,
            0.6755126488672281
        ]
    },
    {
        "_id": "65eb8ec1d3061a79e90e03d1",
        "OB_I": [
            0.0,
            0.0,
            0.0,
            0.0,
            0.0,
            0.0,
            0.0,
            0.0,
            0.0
        ],
        "OB_T_TCP": [
            1.0,
            0.0,
            0.0,
            0.0,
            0.0,
            1.0,
            0.0,
            0.0,
            0.0,
            0.0,
            1.0,
            0.0,
            0.0,
            0.0,
            0.0,
            1.0
        ],
        "OB_T_gp": [
            1.0,
            0.0,
            0.0,
            0.0,
            0.0,
            1.0,
            0.0,
            0.0,
            0.0,
            0.0,
            1.0,
            0.0,
            0.0,
            0.0,
            0.0,
            1.0
        ],
        "O_T_OB": [
            1.0,
            0.0,
            0.0,
            0.0,
            0.0,
            -1.0,
            0.0,
            0.0,
            0.0,
            0.0,
            -1.0,
            0.0,
            0.521827226443675,
            0.25840698062581857,
            0.27517533664525384,
            1.0
        ],
        "O_T_TCP": [
            1.0,
            0.0,
            0.0,
            0.0,
            0.0,
            -1.0,
            0.0,
            0.0,
            0.0,
            0.0,
            -1.0,
            0.0,
            0.521827226443675,
            0.25840698062581857,
            0.27517533664525384,
            1.0
        ],
        "geometry": null,
        "grasp_force": 0.0,
        "grasp_width": 0.0,
        "mass": 0.0,
        "name": "test",
        "q": [
            0.18074043324946532,
            0.1335626147107068,
            0.2868349701521744,
            -2.060772508320055,
            -0.04825592930051324,
            2.2430690224108654,
            1.2386451794617466
        ]
    },
    {
        "_id": "65ef6331e99f2576ba086061",
        "OB_I": [
            0.0,
            0.0,
            0.0,
            0.0,
            0.0,
            0.0,
            0.0,
            0.0,
            0.0
        ],
        "OB_T_TCP": [
            1.0,
            0.0,
            0.0,
            0.0,
            0.0,
            1.0,
            0.0,
            0.0,
            0.0,
            0.0,
            1.0,
            0.0,
            0.0,
            0.0,
            0.0,
            1.0
        ],
        "OB_T_gp": [
            1.0,
            0.0,
            0.0,
            0.0,
            0.0,
            1.0,
            0.0,
            0.0,
            0.0,
            0.0,
            1.0,
            0.0,
            0.0,
            0.0,
            0.0,
            1.0
        ],
        "O_T_OB": [
            -0.9999511693327637,
            0.005795104725127399,
            0.006694969191221638,
            0.0,
            0.005676923956787325,
            0.9998204500065859,
            -0.017538163650304785,
            0.0,
            -0.00679553343966406,
            -0.017499637341326747,
            -0.9998237761816791,
            0.0,
            -0.28525213823562634,
            0.5657042239474747,
            0.23866900068692073,
            1.0
        ],
        "O_T_TCP": [
            -0.9999511693327637,
            0.005795104725127399,
            0.006694969191221638,
            0.0,
            0.005676923956787325,
            0.9998204500065859,
            -0.017538163650304785,
            0.0,
            -0.00679553343966406,
            -0.017499637341326747,
            -0.9998237761816791,
            0.0,
            -0.28525213823562634,
            0.5657042239474747,
            0.23866900068692073,
            1.0
        ],
        "geometry": null,
        "grasp_force": 0.0,
        "grasp_width": 0.0,
        "mass": 0.0,
        "name": "normalcontainer",
        "q": [
            1.48723348463888,
            0.4174561200767826,
            0.6111280596883836,
            -1.8220793050632123,
            -0.26309194494459087,
            2.141865217341235,
            -0.1461896891569508
        ]
    },
    {
        "_id": "65ef6455e99f2576ba086062",
        "OB_I": [
            0.0,
            0.0,
            0.0,
            0.0,
            0.0,
            0.0,
            0.0,
            0.0,
            0.0
        ],
        "OB_T_TCP": [
            1.0,
            0.0,
            0.0,
            0.0,
            0.0,
            1.0,
            0.0,
            0.0,
            0.0,
            0.0,
            1.0,
            0.0,
            0.0,
            0.0,
            0.0,
            1.0
        ],
        "OB_T_gp": [
            1.0,
            0.0,
            0.0,
            0.0,
            0.0,
            1.0,
            0.0,
            0.0,
            0.0,
            0.0,
            1.0,
            0.0,
            0.0,
            0.0,
            0.0,
            1.0
        ],
        "O_T_OB": [
            -0.9990336274326229,
            -0.043224038692152265,
            0.006651363706987428,
            0.0,
            -0.04306611338611579,
            0.9988138548284101,
            0.022292155163513752,
            0.0,
            -0.00760717766310412,
            0.02198458752415408,
            -0.9997293677587924,
            0.0,
            -0.2767815159120372,
            0.4389463906506993,
            0.3408536221713534,
            1.0
        ],
        "O_T_TCP": [
            -0.9990336274326229,
            -0.043224038692152265,
            0.006651363706987428,
            0.0,
            -0.04306611338611579,
            0.9988138548284101,
            0.022292155163513752,
            0.0,
            -0.00760717766310412,
            0.02198458752415408,
            -0.9997293677587924,
            0.0,
            -0.2767815159120372,
            0.4389463906506993,
            0.3408536221713534,
            1.0
        ],
        "geometry": null,
        "grasp_force": 0.0,
        "grasp_width": 0.0,
        "mass": 0.0,
        "name": "normalpickplace",
        "q": [
            1.6710431030315733,
            -0.11933810338041052,
            0.44976917909321673,
            -2.1647275869469373,
            0.053616515815126296,
            2.079309125394282,
            -0.3063374023692766
        ]
    },
    {
        "_id": "65f0c57f8fca00707f09dc71",
        "OB_I": [
            0.0,
            0.0,
            0.0,
            0.0,
            0.0,
            0.0,
            0.0,
            0.0,
            0.0
        ],
        "OB_T_TCP": [
            1.0,
            0.0,
            0.0,
            0.0,
            0.0,
            1.0,
            0.0,
            0.0,
            0.0,
            0.0,
            1.0,
            0.0,
            0.0,
            0.0,
            0.0,
            1.0
        ],
        "OB_T_gp": [
            1.0,
            0.0,
            0.0,
            0.0,
            0.0,
            1.0,
            0.0,
            0.0,
            0.0,
            0.0,
            1.0,
            0.0,
            0.0,
            0.0,
            0.0,
            1.0
        ],
        "O_T_OB": [
            0.9943836026315849,
            -0.0968288341608145,
            -0.042499112857760084,
            0.0,
            -0.09580790301125691,
            -0.9950650220230038,
            0.025440019028163983,
            0.0,
            -0.04475356970019007,
            -0.021225795551839743,
            -0.9987725384702374,
            0.0,
            0.47926793066474926,
            0.23916614873158387,
            -0.004146619879005292,
            1.0
        ],
        "O_T_TCP": [
            0.9943836026315849,
            -0.0968288341608145,
            -0.042499112857760084,
            0.0,
            -0.09580790301125691,
            -0.9950650220230038,
            0.025440019028163983,
            0.0,
            -0.04475356970019007,
            -0.021225795551839743,
            -0.9987725384702374,
            0.0,
            0.47926793066474926,
            0.23916614873158387,
            -0.004146619879005292,
            1.0
        ],
        "geometry": null,
        "grasp_force": 0.0,
        "grasp_width": 0.0,
        "mass": 0.0,
        "name": "p2_sp",
        "q": [
            0.30748095076589516,
            0.6224689720722666,
            0.1322143079238894,
            -2.174735181272256,
            -0.1994334632820553,
            2.7361665597756706,
            1.4845305872601067
        ]
    },
    {
        "_id": "65f0c58a8fca00707f09dc72",
        "OB_I": [
            0.0,
            0.0,
            0.0,
            0.0,
            0.0,
            0.0,
            0.0,
            0.0,
            0.0
        ],
        "OB_T_TCP": [
            1.0,
            0.0,
            0.0,
            0.0,
            0.0,
            1.0,
            0.0,
            0.0,
            0.0,
            0.0,
            1.0,
            0.0,
            0.0,
            0.0,
            0.0,
            1.0
        ],
        "OB_T_gp": [
            1.0,
            0.0,
            0.0,
            0.0,
            0.0,
            1.0,
            0.0,
            0.0,
            0.0,
            0.0,
            1.0,
            0.0,
            0.0,
            0.0,
            0.0,
            1.0
        ],
        "O_T_OB": [
            -0.3906372923180876,
            0.9204079634018747,
            0.015245775087359574,
            0.0,
            0.9202843547242807,
            0.39086355071749906,
            -0.01682670708818005,
            0.0,
            -0.02144686590450544,
            0.007457452572057124,
            -0.9997421759353806,
            0.0,
            0.5416091667977869,
            0.23056869998184873,
            -0.005339503846320045,
            1.0
        ],
        "O_T_TCP": [
            -0.3906372923180876,
            0.9204079634018747,
            0.015245775087359574,
            0.0,
            0.9202843547242807,
            0.39086355071749906,
            -0.01682670708818005,
            0.0,
            -0.02144686590450544,
            0.007457452572057124,
            -0.9997421759353806,
            0.0,
            0.5416091667977869,
            0.23056869998184873,
            -0.005339503846320045,
            1.0
        ],
        "geometry": null,
        "grasp_force": 0.0,
        "grasp_width": 0.0,
        "mass": 0.0,
        "name": "p2_sp1",
        "q": [
            0.3674982954399627,
            0.7058114279278537,
            0.031059863668303392,
            -2.001528142847549,
            -0.011622414170942152,
            2.6900898772047506,
            -0.7850909599531587
        ]
    },
    {
        "_id": "65f20f89ad440b37f0074621",
        "OB_I": [
            0.0,
            0.0,
            0.0,
            0.0,
            0.0,
            0.0,
            0.0,
            0.0,
            0.0
        ],
        "OB_T_TCP": [
            1.0,
            0.0,
            0.0,
            0.0,
            0.0,
            1.0,
            0.0,
            0.0,
            0.0,
            0.0,
            1.0,
            0.0,
            0.0,
            0.0,
            0.0,
            1.0
        ],
        "OB_T_gp": [
            1.0,
            0.0,
            0.0,
            0.0,
            0.0,
            1.0,
            0.0,
            0.0,
            0.0,
            0.0,
            1.0,
            0.0,
            0.0,
            0.0,
            0.0,
            1.0
        ],
        "O_T_OB": [
            0.9984208311037888,
            -0.05600493712089561,
            0.00019477503021738066,
            0.0,
            -0.05599898934140291,
            -0.9983548296540193,
            -0.011510612513832836,
            0.0,
            0.000839121877870123,
            0.011481749166984552,
            -0.9999337304594443,
            0.0,
            0.6103615884124193,
            -0.14663998369175632,
            0.27798594892143785,
            1.0
        ],
        "O_T_TCP": [
            0.9984208311037888,
            -0.05600493712089561,
            0.00019477503021738066,
            0.0,
            -0.05599898934140291,
            -0.9983548296540193,
            -0.011510612513832836,
            0.0,
            0.000839121877870123,
            0.011481749166984552,
            -0.9999337304594443,
            0.0,
            0.6103615884124193,
            -0.14663998369175632,
            0.27798594892143785,
            1.0
        ],
        "geometry": null,
        "grasp_force": 0.0,
        "grasp_width": 0.0,
        "mass": 0.0,
        "name": "shaft2",
        "q": [
            -0.13895329846938448,
            0.2854039266777175,
            -0.10913996187476892,
            -1.8214926361455204,
            0.04876038112719135,
            2.1028103540894127,
            0.5729002117309517
        ]
    },
    {
        "_id": "65f21187983e0351740564c1",
        "OB_I": [
            0.0,
            0.0,
            0.0,
            0.0,
            0.0,
            0.0,
            0.0,
            0.0,
            0.0
        ],
        "OB_T_TCP": [
            1.0,
            0.0,
            0.0,
            0.0,
            0.0,
            1.0,
            0.0,
            0.0,
            0.0,
            0.0,
            1.0,
            0.0,
            0.0,
            0.0,
            0.0,
            1.0
        ],
        "OB_T_gp": [
            1.0,
            0.0,
            0.0,
            0.0,
            0.0,
            1.0,
            0.0,
            0.0,
            0.0,
            0.0,
            1.0,
            0.0,
            0.0,
            0.0,
            0.0,
            1.0
        ],
        "O_T_OB": [
            -0.03847458660057955,
            0.9992279041866523,
            0.006636910566905391,
            0.0,
            0.9989573170328562,
            0.0386231991192383,
            -0.023943143852083248,
            0.0,
            -0.024181461737390535,
            0.005708897725647523,
            -0.9996912850450389,
            0.0,
            -0.28040527035598145,
            0.5625029367429322,
            0.21460991049071504,
            1.0
        ],
        "O_T_TCP": [
            -0.03847458660057955,
            0.9992279041866523,
            0.006636910566905391,
            0.0,
            0.9989573170328562,
            0.0386231991192383,
            -0.023943143852083248,
            0.0,
            -0.024181461737390535,
            0.005708897725647523,
            -0.9996912850450389,
            0.0,
            -0.28040527035598145,
            0.5625029367429322,
            0.21460991049071504,
            1.0
        ],
        "geometry": null,
        "grasp_force": 0.0,
        "grasp_width": 0.0,
        "mass": 0.0,
        "name": "p2_n2",
        "q": [
            1.5703048682036513,
            0.39783672250131485,
            0.4982862662432487,
            -1.8933198999940302,
            -0.21576868739395502,
            2.251606949418013,
            1.345509883842923
        ]
    },
    {
        "_id": "65f21226983e0351740564c3",
        "OB_I": [
            0.0,
            0.0,
            0.0,
            0.0,
            0.0,
            0.0,
            0.0,
            0.0,
            0.0
        ],
        "OB_T_TCP": [
            1.0,
            0.0,
            0.0,
            0.0,
            0.0,
            1.0,
            0.0,
            0.0,
            0.0,
            0.0,
            1.0,
            0.0,
            0.0,
            0.0,
            0.0,
            1.0
        ],
        "OB_T_gp": [
            1.0,
            0.0,
            0.0,
            0.0,
            0.0,
            1.0,
            0.0,
            0.0,
            0.0,
            0.0,
            1.0,
            0.0,
            0.0,
            0.0,
            0.0,
            1.0
        ],
        "O_T_OB": [
            -0.7670325848858576,
            -0.6410938681792032,
            0.025306378791810035,
            0.0,
            -0.6395410237084117,
            0.7671364076897498,
            0.049696658761641144,
            0.0,
            -0.05127465491506417,
            0.021934911546283895,
            -0.9984436736335195,
            0.0,
            -0.27998567269576946,
            0.5668166088777099,
            0.2224894936706944,
            1.0
        ],
        "O_T_TCP": [
            -0.7670325848858576,
            -0.6410938681792032,
            0.025306378791810035,
            0.0,
            -0.6395410237084117,
            0.7671364076897498,
            0.049696658761641144,
            0.0,
            -0.05127465491506417,
            0.021934911546283895,
            -0.9984436736335195,
            0.0,
            -0.27998567269576946,
            0.5668166088777099,
            0.2224894936706944,
            1.0
        ],
        "geometry": null,
        "grasp_force": 0.0,
        "grasp_width": 0.0,
        "mass": 0.0,
        "name": "p2_n1",
        "q": [
            1.5286179915938458,
            0.39123391699293775,
            0.5349895313363059,
            -1.8972686476502396,
            -0.20874278682342615,
            2.270374859585192,
            -0.8939703330265151
        ]
    },
    {
        "_id": "65f214fc983e0351740564c4",
        "OB_I": [
            0.0,
            0.0,
            0.0,
            0.0,
            0.0,
            0.0,
            0.0,
            0.0,
            0.0
        ],
        "OB_T_TCP": [
            1.0,
            0.0,
            0.0,
            0.0,
            0.0,
            1.0,
            0.0,
            0.0,
            0.0,
            0.0,
            1.0,
            0.0,
            0.0,
            0.0,
            0.0,
            1.0
        ],
        "OB_T_gp": [
            1.0,
            0.0,
            0.0,
            0.0,
            0.0,
            1.0,
            0.0,
            0.0,
            0.0,
            0.0,
            1.0,
            0.0,
            0.0,
            0.0,
            0.0,
            1.0
        ],
        "O_T_OB": [
            -0.030237889060397694,
            0.9941032227460016,
            0.10404421892826617,
            0.0,
            0.9990370460044222,
            0.03333771394241911,
            -0.028183762010417793,
            0.0,
            -0.031486771269573506,
            0.10309379653800622,
            -0.9941731500852344,
            0.0,
            -0.015942964370017125,
            0.4375202893228714,
            0.42062840472064134,
            1.0
        ],
        "O_T_TCP": [
            -0.030237889060397694,
            0.9941032227460016,
            0.10404421892826617,
            0.0,
            0.9990370460044222,
            0.03333771394241911,
            -0.028183762010417793,
            0.0,
            -0.031486771269573506,
            0.10309379653800622,
            -0.9941731500852344,
            0.0,
            -0.015942964370017125,
            0.4375202893228714,
            0.42062840472064134,
            1.0
        ],
        "geometry": null,
        "grasp_force": 0.0,
        "grasp_width": 0.0,
        "mass": 0.0,
        "name": "initialposition2",
        "q": [
            1.5506923031671005,
            -0.4497734840543152,
            0.038535913673190224,
            -2.3152158262018574,
            0.050607820335361695,
            1.9691166749798155,
            0.7517650229864651
        ]
    },
    {
        "_id": "65f374543949254a58053971",
        "OB_I": [
            0.0,
            0.0,
            0.0,
            0.0,
            0.0,
            0.0,
            0.0,
            0.0,
            0.0
        ],
        "OB_T_TCP": [
            1.0,
            0.0,
            0.0,
            0.0,
            0.0,
            1.0,
            0.0,
            0.0,
            0.0,
            0.0,
            1.0,
            0.0,
            0.0,
            0.0,
            0.0,
            1.0
        ],
        "OB_T_gp": [
            1.0,
            0.0,
            0.0,
            0.0,
            0.0,
            1.0,
            0.0,
            0.0,
            0.0,
            0.0,
            1.0,
            0.0,
            0.0,
            0.0,
            0.0,
            1.0
        ],
        "O_T_OB": [
            0.03173898612252293,
            0.9982326382781231,
            0.05004981056328121,
            0.0,
            0.9987842695688426,
            -0.02980004258186478,
            -0.03902162509636153,
            0.0,
            -0.037461894541397284,
            0.05122845660945351,
            -0.9979840939067026,
            0.0,
            -0.2748815546694312,
            0.3324526946698264,
            0.19020321271820365,
            1.0
        ],
        "O_T_TCP": [
            0.03173898612252293,
            0.9982326382781231,
            0.05004981056328121,
            0.0,
            0.9987842695688426,
            -0.02980004258186478,
            -0.03902162509636153,
            0.0,
            -0.037461894541397284,
            0.05122845660945351,
            -0.9979840939067026,
            0.0,
            -0.2748815546694312,
            0.3324526946698264,
            0.19020321271820365,
            1.0
        ],
        "geometry": null,
        "grasp_force": 0.0,
        "grasp_width": 0.0,
        "mass": 0.0,
        "name": "sp_shaft2",
        "q": [
            2.3878911709999446,
            -0.13898968152668084,
            -0.1298367435116517,
            -2.652961812604937,
            -0.0403083813485689,
            2.578178659995397,
            1.5375320562521366
        ]
    },
    {
        "_id": "65f489ce00b781025b0db011",
        "OB_I": [
            0.0,
            0.0,
            0.0,
            0.0,
            0.0,
            0.0,
            0.0,
            0.0,
            0.0
        ],
        "OB_T_TCP": [
            1.0,
            0.0,
            0.0,
            0.0,
            0.0,
            1.0,
            0.0,
            0.0,
            0.0,
            0.0,
            1.0,
            0.0,
            0.0,
            0.0,
            0.0,
            1.0
        ],
        "OB_T_gp": [
            1.0,
            0.0,
            0.0,
            0.0,
            0.0,
            1.0,
            0.0,
            0.0,
            0.0,
            0.0,
            1.0,
            0.0,
            0.0,
            0.0,
            0.0,
            1.0
        ],
        "O_T_OB": [
            0.999391513204829,
            -0.029166410148263457,
            -0.018619096498864052,
            0.0,
            -0.029435967001152984,
            -0.9994537206985393,
            -0.014371184006936617,
            0.0,
            -0.018190119640942908,
            0.014910797520426981,
            -0.9997233555663052,
            0.0,
            0.6251415365232132,
            0.11260504169893862,
            0.28311151261436096,
            1.0
        ],
        "O_T_TCP": [
            0.999391493647194,
            -0.02916693092084997,
            -0.01861933047929326,
            0.0,
            -0.02943643516346072,
            -0.9994537512645267,
            -0.014368099016260547,
            0.0,
            -0.018190436564364518,
            0.014907729671164298,
            -0.9997233955518142,
            0.0,
            0.6251398263773719,
            0.11260804327026491,
            0.28311259494105073,
            1.0
        ],
        "geometry": null,
        "grasp_force": 0.0,
        "grasp_width": 0.0,
        "mass": 0.0,
        "name": "gear1",
        "q": [
            -0.10947780550885618,
            0.32306110860516535,
            0.31615265425557404,
            -1.7678108690961327,
            -0.09147041779323206,
            2.059067608069654,
            1.0503744393606034
        ]
    },
    {
        "_id": "65f489ce00b781025b0db012",
        "OB_I": [
            0.0,
            0.0,
            0.0,
            0.0,
            0.0,
            0.0,
            0.0,
            0.0,
            0.0
        ],
        "OB_T_TCP": [
            1.0,
            0.0,
            0.0,
            0.0,
            0.0,
            1.0,
            0.0,
            0.0,
            0.0,
            0.0,
            1.0,
            0.0,
            0.0,
            0.0,
            0.0,
            1.0
        ],
        "OB_T_gp": [
            1.0,
            0.0,
            0.0,
            0.0,
            0.0,
            1.0,
            0.0,
            0.0,
            0.0,
            0.0,
            1.0,
            0.0,
            0.0,
            0.0,
            0.0,
            1.0
        ],
        "O_T_OB": [
            -0.02405268971449932,
            -0.999350109142552,
            0.026487249299911187,
            0.0,
            -0.998520867937328,
            0.02530289761840895,
            0.0479227145204212,
            0.0,
            -0.04856270912625561,
            -0.025295888001814256,
            -0.9984997653142029,
            0.0,
            -0.29627286474447195,
            0.5402193926564312,
            0.24951815252804269,
            1.0
        ],
        "O_T_TCP": [
            -0.02405268971449932,
            -0.999350109142552,
            0.026487249299911187,
            0.0,
            -0.998520867937328,
            0.02530289761840895,
            0.0479227145204212,
            0.0,
            -0.04856270912625561,
            -0.025295888001814256,
            -0.9984997653142029,
            0.0,
            -0.29627286474447195,
            0.5402193926564312,
            0.24951815252804269,
            1.0
        ],
        "geometry": null,
        "grasp_force": 0.0,
        "grasp_width": 0.0,
        "mass": 0.0,
        "name": "inward_claw",
        "q": [
            1.1466555126372133,
            0.4911871555482781,
            1.0211879908664732,
            -1.889103684814978,
            -0.42553616185983023,
            2.12249806078275,
            -1.560074370787497
        ]
    },
    {
        "_id": "65f48add00b781025b0db013",
        "OB_I": [
            0.0,
            0.0,
            0.0,
            0.0,
            0.0,
            0.0,
            0.0,
            0.0,
            0.0
        ],
        "OB_T_TCP": [
            1.0,
            0.0,
            0.0,
            0.0,
            0.0,
            1.0,
            0.0,
            0.0,
            0.0,
            0.0,
            1.0,
            0.0,
            0.0,
            0.0,
            0.0,
            1.0
        ],
        "OB_T_gp": [
            1.0,
            0.0,
            0.0,
            0.0,
            0.0,
            1.0,
            0.0,
            0.0,
            0.0,
            0.0,
            1.0,
            0.0,
            0.0,
            0.0,
            0.0,
            1.0
        ],
        "O_T_OB": [
            -0.5652402046656898,
            0.805912836269351,
            0.1760362413453204,
            0.0,
            0.8101766382360048,
            0.5825117783483679,
            -0.0653803475307077,
            0.0,
            -0.15523703410852738,
            0.10566688361643159,
            -0.9822097397949072,
            0.0,
            -0.2763305579573874,
            0.33279789980415175,
            0.3557425405921873,
            1.0
        ],
        "O_T_TCP": [
            -0.5652402046656898,
            0.805912836269351,
            0.1760362413453204,
            0.0,
            0.8101766382360048,
            0.5825117783483679,
            -0.0653803475307077,
            0.0,
            -0.15523703410852738,
            0.10566688361643159,
            -0.9822097397949072,
            0.0,
            -0.2763305579573874,
            0.33279789980415175,
            0.3557425405921873,
            1.0
        ],
        "geometry": null,
        "grasp_force": 0.0,
        "grasp_width": 0.0,
        "mass": 0.0,
