[
    {
        "_id": "643d40f9dd8c607f760e5af8",
        "OB_I": [
            0.0,
            0.0,
            0.0,
            0.0,
            0.0,
            0.0,
            0.0,
            0.0,
            0.0
        ],
        "OB_T_TCP": [
            1.0,
            0.0,
            0.0,
            0.0,
            0.0,
            1.0,
            0.0,
            0.0,
            0.0,
            0.0,
            1.0,
            0.0,
            0.0,
            0.0,
            0.0,
            1.0
        ],
        "OB_T_gp": [
            1.0,
            0.0,
            0.0,
            0.0,
            0.0,
            1.0,
            0.0,
            0.0,
            0.0,
            0.0,
            1.0,
            0.0,
            0.0,
            0.0,
            0.0,
            1.0
        ],
        "O_T_OB": [
            1.0,
            0.0,
            0.0,
            0.0,
            0.0,
            1.0,
            0.0,
            0.0,
            0.0,
            0.0,
            1.0,
            0.0,
            0.0,
            0.0,
            0.0,
            1.0
        ],
        "O_T_TCP": [
            1.0,
            0.0,
            0.0,
            0.0,
            0.0,
            1.0,
            0.0,
            0.0,
            0.0,
            0.0,
            1.0,
            0.0,
            0.0,
            0.0,
            0.0,
            1.0
        ],
        "geometry": null,
        "grasp_force": 0.0,
        "grasp_width": 0.0,
        "mass": 0.0,
        "name": "NullObject",
        "q": [
            0.0,
            0.0,
            0.0,
            0.0,
            0.0,
            0.0,
            0.0
        ]
    },
    {
        "_id": "643d40f9dd8c607f760e5af9",
        "OB_I": [
            0.0,
            0.0,
            0.0,
            0.0,
            0.0,
            0.0,
            0.0,
            0.0,
            0.0
        ],
        "OB_T_TCP": [
            1.0,
            0.0,
            0.0,
            0.0,
            0.0,
            1.0,
            0.0,
            0.0,
            0.0,
            0.0,
            1.0,
            0.0,
            0.0,
            0.0,
            0.0,
            1.0
        ],
        "OB_T_gp": [
            1.0,
            0.0,
            0.0,
            0.0,
            0.0,
            1.0,
            0.0,
            0.0,
            0.0,
            0.0,
            1.0,
            0.0,
            0.0,
            0.0,
            0.0,
            1.0
        ],
        "O_T_OB": [
            1.0,
            0.0,
            0.0,
            0.0,
            0.0,
            1.0,
            0.0,
            0.0,
            0.0,
            0.0,
            1.0,
            0.0,
            0.0,
            0.0,
            0.0,
            1.0
        ],
        "O_T_TCP": [
            1.0,
            0.0,
            0.0,
            0.0,
            0.0,
            1.0,
            0.0,
            0.0,
            0.0,
            0.0,
            1.0,
            0.0,
            0.0,
            0.0,
            0.0,
            1.0
        ],
        "geometry": null,
        "grasp_force": 0.0,
        "grasp_width": 0.0,
        "mass": 0.0,
        "name": "NoneObject",
        "q": [
            0.0,
            0.0,
            0.0,
            0.0,
            0.0,
            0.0,
            0.0
        ]
    },
    {
        "_id": "643d40f9dd8c607f760e5afa",
        "OB_I": [
            0.0,
            0.0,
            0.0,
            0.0,
            0.0,
            0.0,
            0.0,
            0.0,
            0.0
        ],
        "OB_T_TCP": [
            1.0,
            0.0,
            0.0,
            0.0,
            0.0,
            1.0,
            0.0,
            0.0,
            0.0,
            0.0,
            1.0,
            0.0,
            0.0,
            0.0,
            0.0,
            1.0
        ],
        "OB_T_gp": [
            1.0,
            0.0,
            0.0,
            0.0,
            0.0,
            1.0,
            0.0,
            0.0,
            0.0,
            0.0,
            1.0,
            0.0,
            0.0,
            0.0,
            0.0,
            1.0
        ],
        "O_T_OB": [
            0.9451230787549627,
            0.32322187014216935,
            -0.047441917833785346,
            0.0,
            0.326656439478547,
            -0.9331005912790161,
            0.15033164671205046,
            0.0,
            0.004322477630794235,
            -0.1575821506811295,
            -0.9874964212460929,
            0.0,
            0.4023718149133433,
            0.135438661042489,
            0.3261623632093963,
            1.0
        ],
        "O_T_TCP": [
            1.0,
            0.0,
            0.0,
            0.0,
            0.0,
            1.0,
            0.0,
            0.0,
            0.0,
            0.0,
            1.0,
            0.0,
            0.0,
            0.0,
            0.0,
            1.0
        ],
        "geometry": null,
        "grasp_force": 0.0,
        "grasp_width": 0.0,
        "mass": 0.0,
        "name": "EndEffector",
        "q": [
            -0.26602681190215505,
            -0.4142026782548806,
            0.6038659832617761,
            -2.428547883716245,
            0.08718072785271538,
            2.0376345478921305,
            0.7037023221689134
        ]
    },
    {
        "_id": "6491ad548829c1097f0151a9",
        "OB_I": [
            0.0,
            0.0,
            0.0,
            0.0,
            0.0,
            0.0,
            0.0,
            0.0,
            0.0
        ],
        "OB_T_TCP": [
            1.0,
            0.0,
            0.0,
            0.0,
            0.0,
            1.0,
            0.0,
            0.0,
            0.0,
            0.0,
            1.0,
            0.0,
            0.0,
            0.0,
            0.0,
            1.0
        ],
        "OB_T_gp": [
            1.0,
            0.0,
            0.0,
            0.0,
            0.0,
            1.0,
            0.0,
            0.0,
            0.0,
            0.0,
            1.0,
            0.0,
            0.0,
            0.0,
            0.0,
            1.0
        ],
        "O_T_OB": [
            1.0,
            0.0,
            0.0,
            0.0,
            0.0,
            1.0,
            0.0,
            0.0,
            0.0,
            0.0,
            1.0,
            0.0,
            0.0,
            0.0,
            0.0,
            1.0
        ],
        "O_T_TCP": [
            1.0,
            0.0,
            0.0,
            0.0,
            0.0,
            1.0,
            0.0,
            0.0,
            0.0,
            0.0,
            1.0,
            0.0,
            0.0,
            0.0,
            0.0,
            1.0
        ],
        "geometry": null,
        "grasp_force": 0.0,
        "grasp_width": 0.0,
        "mass": 0.0,
        "name": "ring",
        "q": [
            0.0,
            0.0,
            0.0,
            0.0,
            0.0,
            0.0,
            0.0
        ]
    },
    {
        "_id": "64f8a17c8d1b98ac5f0c6b91",
        "OB_I": [
            0.0,
            0.0,
            0.0,
            0.0,
            0.0,
            0.0,
            0.0,
            0.0,
            0.0
        ],
        "OB_T_TCP": [
            1.0,
            0.0,
            0.0,
            0.0,
            0.0,
            1.0,
            0.0,
            0.0,
            0.0,
            0.0,
            1.0,
            0.0,
            0.0,
            0.0,
            0.0,
            1.0
        ],
        "OB_T_gp": [
            1.0,
            0.0,
            0.0,
            0.0,
            0.0,
            1.0,
            0.0,
            0.0,
            0.0,
            0.0,
            1.0,
            0.0,
            0.0,
            0.0,
            0.0,
            1.0
        ],
        "O_T_OB": [
            1.0,
            0.0,
            0.0,
            0.0,
            0.0,
            1.0,
            0.0,
            0.0,
            0.0,
            0.0,
            1.0,
            0.0,
            0.0,
            0.0,
            0.0,
            1.0
        ],
        "O_T_TCP": [
            1.0,
            0.0,
            0.0,
            0.0,
            0.0,
            1.0,
            0.0,
            0.0,
            0.0,
            0.0,
            1.0,
            0.0,
            0.0,
            0.0,
            0.0,
            1.0
        ],
        "geometry": null,
        "grasp_force": 1.0,
        "grasp_width": 0.0,
        "mass": 0.0,
        "name": "TestObject1",
        "q": [
            0.0,
            0.0,
            0.0,
            0.0,
            0.0,
            0.0,
            0.0
        ]
    },
    {
        "_id": "6526b75ece654b001f026d61",
        "OB_I": [
            0.0,
            0.0,
            0.0,
            0.0,
            0.0,
            0.0,
            0.0,
            0.0,
            0.0
        ],
        "OB_T_TCP": [
            1.0,
            0.0,
            0.0,
            0.0,
            0.0,
            1.0,
            0.0,
            0.0,
            0.0,
            0.0,
            1.0,
            0.0,
            0.0,
            0.0,
            0.0,
            1.0
        ],
        "OB_T_gp": [
            1.0,
            0.0,
            0.0,
            0.0,
            0.0,
            1.0,
            0.0,
            0.0,
            0.0,
            0.0,
            1.0,
            0.0,
            0.0,
            0.0,
            0.0,
            1.0
        ],
        "O_T_OB": [
            1.0,
            0.0,
            0.0,
            0.0,
            0.0,
            1.0,
            0.0,
            0.0,
            0.0,
            0.0,
            1.0,
            0.0,
            0.0,
            0.0,
            0.0,
            1.0
        ],
        "O_T_TCP": [
            1.0,
            0.0,
            0.0,
            0.0,
            0.0,
            1.0,
            0.0,
            0.0,
            0.0,
            0.0,
            1.0,
            0.0,
            0.0,
            0.0,
            0.0,
            1.0
        ],
        "geometry": null,
        "grasp_force": 0.0,
        "grasp_width": 0.0,
        "mass": 0.0,
        "name": "gripper_connected",
        "q": [
            0.0,
            0.0,
            0.0,
            0.0,
            0.0,
            0.0,
            0.0
        ]
    },
    {
        "_id": "6526da7d86c098f7fe057f61",
        "OB_I": [
            0.0,
            0.0,
            0.0,
            0.0,
            0.0,
            0.0,
            0.0,
            0.0,
            0.0
        ],
        "OB_T_TCP": [
            1.0,
            0.0,
            0.0,
            0.0,
            0.0,
            1.0,
            0.0,
            0.0,
            0.0,
            0.0,
            1.0,
            0.0,
            0.0,
            0.0,
            0.0,
            1.0
        ],
        "OB_T_gp": [
            1.0,
            0.0,
            0.0,
            0.0,
            0.0,
            1.0,
            0.0,
            0.0,
            0.0,
            0.0,
            1.0,
            0.0,
            0.0,
            0.0,
            0.0,
            1.0
        ],
        "O_T_OB": [
            1.0,
            0.0,
            0.0,
            0.0,
            0.0,
            1.0,
            0.0,
            0.0,
            0.0,
            0.0,
            1.0,
            0.0,
            0.0,
            0.0,
            0.0,
            1.0
        ],
        "O_T_TCP": [
            1.0,
            0.0,
            0.0,
            0.0,
            0.0,
            1.0,
            0.0,
            0.0,
            0.0,
            0.0,
            1.0,
            0.0,
            0.0,
            0.0,
            0.0,
            1.0
        ],
        "geometry": null,
        "grasp_force": 0.0,
        "grasp_width": 0.0,
        "mass": 0.0,
        "name": "tool_load",
        "q": [
            0.0,
            0.0,
            0.0,
            0.0,
            0.0,
            0.0,
            0.0
        ]
    },
    {
        "_id": "6530168b631a09bd8e08d211",
        "OB_I": [
            0.0,
            0.0,
            0.0,
            0.0,
            0.0,
            0.0,
            0.0,
            0.0,
            0.0
        ],
        "OB_T_TCP": [
            1.0,
            0.0,
            0.0,
            0.0,
            0.0,
            1.0,
            0.0,
            0.0,
            0.0,
            0.0,
            1.0,
            0.0,
            0.0,
            0.0,
            0.0,
            1.0
        ],
        "OB_T_gp": [
            1.0,
            0.0,
            0.0,
            0.0,
            0.0,
            1.0,
            0.0,
            0.0,
            0.0,
            0.0,
            1.0,
            0.0,
            0.0,
            0.0,
            0.0,
            1.0
        ],
        "O_T_OB": [
            1.0,
            0.0,
            0.0,
            0.0,
            0.0,
            1.0,
            0.0,
            0.0,
            0.0,
            0.0,
            1.0,
            0.0,
            0.0,
            0.0,
            0.0,
            1.0
        ],
        "O_T_TCP": [
            1.0,
            0.0,
            0.0,
            0.0,
            0.0,
            1.0,
            0.0,
            0.0,
            0.0,
            0.0,
            1.0,
            0.0,
            0.0,
            0.0,
            0.0,
            1.0
        ],
        "geometry": null,
        "grasp_force": 0.0,
        "grasp_width": 0.0,
        "mass": 0.0,
        "name": "tool_grasp",
        "q": [
            0.0,
            0.0,
            0.0,
            0.0,
            0.0,
            0.0,
            0.0
        ]
    },
    {
        "_id": "65a8008494d3e83f7e035b11",
        "OB_I": [
            0.0,
            0.0,
            0.0,
            0.0,
            0.0,
            0.0,
            0.0,
            0.0,
            0.0
        ],
        "OB_T_TCP": [
            1.0,
            0.0,
            0.0,
            0.0,
            0.0,
            1.0,
            0.0,
            0.0,
            0.0,
            0.0,
            1.0,
            0.0,
            0.0,
            0.0,
            0.0,
            1.0
        ],
        "OB_T_gp": [
            1.0,
            0.0,
            0.0,
            0.0,
            0.0,
            1.0,
            0.0,
            0.0,
            0.0,
            0.0,
            1.0,
            0.0,
            0.0,
            0.0,
            0.0,
            1.0
        ],
        "O_T_OB": [
            1.0,
            0.0,
            0.0,
            0.0,
            0.0,
            1.0,
            0.0,
            0.0,
            0.0,
            0.0,
            1.0,
            0.0,
            0.0,
            0.0,
            0.0,
            1.0
        ],
        "O_T_TCP": [
            1.0,
            0.0,
            0.0,
            0.0,
            0.0,
            1.0,
            0.0,
            0.0,
            0.0,
            0.0,
            1.0,
            0.0,
            0.0,
            0.0,
            0.0,
            1.0
        ],
        "geometry": null,
        "grasp_force": 0.0,
        "grasp_width": 0.0,
        "mass": 0.0,
        "name": "kios_guidance",
        "q": [
            0.0,
            0.0,
            0.0,
            0.0,
            0.0,
            0.0,
            0.0
        ]
    },
    {
        "_id": "65b2664c677d37a9900fd7b1",
        "OB_I": [
            0.0,
            0.0,
            0.0,
            0.0,
            0.0,
            0.0,
            0.0,
            0.0,
            0.0
        ],
        "OB_T_TCP": [
            1.0,
            0.0,
            0.0,
            0.0,
            0.0,
            1.0,
            0.0,
            0.0,
            0.0,
            0.0,
            1.0,
            0.0,
            0.0,
            0.0,
            0.0,
            1.0
        ],
        "OB_T_gp": [
            1.0,
            0.0,
            0.0,
            0.0,
            0.0,
            1.0,
            0.0,
            0.0,
            0.0,
            0.0,
            1.0,
            0.0,
            0.0,
            0.0,
            0.0,
            1.0
        ],
        "O_T_OB": [
            0.020523632927385155,
            0.999779614758663,
            0.0004993052070315127,
            0.0,
            0.9997626802269471,
            -0.020520362759945312,
            -0.00585190899106819,
            0.0,
            -0.0058404858401676345,
            0.000619301067554896,
            -0.99998275244693,
            0.0,
            0.49407319098460234,
            -0.3343870569274952,
            0.3249152265674699,
            1.0
        ],
        "O_T_TCP": [
            0.020523632927385155,
            0.999779614758663,
            0.0004993052070315127,
            0.0,
            0.9997626802269471,
            -0.020520362759945312,
            -0.00585190899106819,
            0.0,
            -0.0058404858401676345,
            0.000619301067554896,
            -0.99998275244693,
            0.0,
            0.49407319098460234,
            -0.3343870569274952,
            0.3249152265674699,
            1.0
        ],
        "geometry": null,
        "grasp_force": 0.0,
        "grasp_width": 0.0,
        "mass": 0.0,
        "name": "parallel_box1",
        "q": [
            -0.4889897713452055,
            0.1520400121422783,
            -0.11095685046074681,
            -1.8813407051080338,
            0.015587054766497403,
            2.027237653652827,
            -1.3705014213786446
        ]
    },
    {
        "_id": "65bb9aa7666d3392110788a1",
        "OB_I": [
            0.0,
            0.0,
            0.0,
            0.0,
            0.0,
            0.0,
            0.0,
            0.0,
            0.0
        ],
        "OB_T_TCP": [
            1.0,
            0.0,
            0.0,
            0.0,
            0.0,
            1.0,
            0.0,
            0.0,
            0.0,
            0.0,
            1.0,
            0.0,
            0.0,
            0.0,
            0.0,
            1.0
        ],
        "OB_T_gp": [
            1.0,
            0.0,
            0.0,
            0.0,
            0.0,
            1.0,
            0.0,
            0.0,
            0.0,
            0.0,
            1.0,
            0.0,
            0.0,
            0.0,
            0.0,
            1.0
        ],
        "O_T_OB": [
            -0.0055492434676263965,
            0.9999687095518451,
            0.003540157533654855,
            0.0,
            0.9994642785591136,
            0.005433245086445076,
            0.0319747186594265,
            0.0,
            0.03195509884729998,
            0.003715768034059008,
            -0.9994823984070837,
            0.0,
            0.5073771436733974,
            0.2821340073022507,
            0.3273610300796691,
            1.0
        ],
        "O_T_TCP": [
            -0.0055492434676263965,
            0.9999687095518451,
            0.003540157533654855,
            0.0,
            0.9994642785591136,
            0.005433245086445076,
            0.0319747186594265,
            0.0,
            0.03195509884729998,
            0.003715768034059008,
            -0.9994823984070837,
            0.0,
            0.5073771436733974,
            0.2821340073022507,
            0.3273610300796691,
            1.0
        ],
        "geometry": null,
        "grasp_force": 0.0,
        "grasp_width": 0.0,
        "mass": 0.0,
        "name": "inward_claw",
        "q": [
            -0.3558367933193034,
            0.12986394129696988,
            0.8984244877664667,
            -1.9720981870183556,
            -0.1313234915672495,
            2.079114055554075,
            -0.1914156752901866
        ]
    },
    {
        "_id": "65bbb462b8aab7a7d90d58c1",
        "OB_I": [
            0.0,
            0.0,
            0.0,
            0.0,
            0.0,
            0.0,
            0.0,
            0.0,
            0.0
        ],
        "OB_T_TCP": [
            1.0,
            0.0,
            0.0,
            0.0,
            0.0,
            1.0,
            0.0,
            0.0,
            0.0,
            0.0,
            1.0,
            0.0,
            0.0,
            0.0,
            0.0,
            1.0
        ],
        "OB_T_gp": [
            1.0,
            0.0,
            0.0,
            0.0,
            0.0,
            1.0,
            0.0,
            0.0,
            0.0,
            0.0,
            1.0,
            0.0,
            0.0,
            0.0,
            0.0,
            1.0
        ],
        "O_T_OB": [
            0.9949942224611444,
            -0.05041086343049174,
            0.08617417837347448,
            0.0,
            -0.04503393357509275,
            -0.9969720659778388,
            -0.06324074151875426,
            0.0,
            0.08910298453945457,
            0.05904454700105643,
            -0.9942707878719971,
            0.0,
            0.6906053200978064,
            -0.01614832324583123,
            0.2887581517923185,
            1.0
        ],
        "O_T_TCP": [
            0.9949942224611444,
            -0.05041086343049174,
            0.08617417837347448,
            0.0,
            -0.04503393357509275,
            -0.9969720659778388,
            -0.06324074151875426,
            0.0,
            0.08910298453945457,
            0.05904454700105643,
            -0.9942707878719971,
            0.0,
            0.6990701036290545,
            -0.01053909128073087,
            0.1943024269444788,
            1.0
        ],
        "geometry": null,
        "grasp_force": 0.0,
        "grasp_width": 0.0,
        "mass": 0.0,
        "name": "test_object1",
        "q": [
            -0.5258051569263356,
            0.4877585826129244,
            0.5891767306537179,
            -1.6077540129764138,
            -0.23719313260094485,
            2.1022328375975285,
            0.9414903357566682
        ]
    },
    {
        "_id": "65bbba7c5a0f2e8e04072891",
        "OB_I": [
            0.0,
            0.0,
            0.0,
            0.0,
            0.0,
            0.0,
            0.0,
            0.0,
            0.0
        ],
        "OB_T_TCP": [
            1.0,
            0.0,
            0.0,
            0.0,
            0.0,
            1.0,
            0.0,
            0.0,
            0.0,
            0.0,
            1.0,
            0.0,
            0.0,
            0.0,
            0.0,
            1.0
        ],
        "OB_T_gp": [
            1.0,
            0.0,
            0.0,
            0.0,
            0.0,
            1.0,
            0.0,
            0.0,
            0.0,
            0.0,
            1.0,
            0.0,
            0.0,
            0.0,
            0.0,
            1.0
        ],
        "O_T_OB": [
            0.005516821389947922,
            -0.9949443596914403,
            -0.10018000150304039,
            0.0,
            -0.999821715401967,
            -0.003733290448562814,
            -0.017981847911249182,
            0.0,
            0.017517274375192557,
            0.10026327397364804,
            -0.9948067254449727,
            0.0,
            0.643320166007396,
            0.11088726408849338,
            0.3035784369329164,
            1.0
        ],
        "O_T_TCP": [
            0.005516821389947922,
            -0.9949443596914403,
            -0.10018000150304039,
            0.0,
            -0.999821715401967,
            -0.003733290448562814,
            -0.017981847911249182,
            0.0,
            0.017517274375192557,
            0.10026327397364804,
            -0.9948067254449727,
            0.0,
            0.6455098253042951,
            0.12342017333519939,
            0.17922759625229484,
            1.0
        ],
        "geometry": null,
        "grasp_force": 0.0,
        "grasp_width": 0.0,
        "mass": 0.0,
        "name": "gear3",
        "q": [
            -0.4348329623676183,
            0.39139715203497827,
            0.6694900968644402,
            -1.711178953283276,
            -0.16270597490334937,
            2.05581780107816,
            2.617633598559432
        ]
    },
    {
        "_id": "65bbbab25a0f2e8e04072892",
        "OB_I": [
            0.0,
            0.0,
            0.0,
            0.0,
            0.0,
            0.0,
            0.0,
            0.0,
            0.0
        ],
        "OB_T_TCP": [
            1.0,
            0.0,
            0.0,
            0.0,
            0.0,
            1.0,
            0.0,
            0.0,
            0.0,
            0.0,
            1.0,
            0.0,
            0.0,
            0.0,
            0.0,
            1.0
        ],
        "OB_T_gp": [
            1.0,
            0.0,
            0.0,
            0.0,
            0.0,
            1.0,
            0.0,
            0.0,
            0.0,
            0.0,
            1.0,
            0.0,
            0.0,
            0.0,
            0.0,
            1.0
        ],
        "O_T_OB": [
            0.9980187907769038,
            -0.05571650543342081,
            -0.02889482963615323,
            0.0,
            -0.05609811498518191,
            -0.9983365128919355,
            -0.012568031790528969,
            0.0,
            -0.028147058566118602,
            0.014164350073066843,
            -0.9995034338515715,
            0.0,
            0.507308310840537,
            -0.04026469732735698,
            0.3761685279429274,
            1.0
        ],
        "O_T_TCP": [
            0.9980187907769038,
            -0.05571650543342081,
            -0.02889482963615323,
            0.0,
            -0.05609811498518191,
            -0.9983365128919355,
            -0.012568031790528969,
            0.0,
            -0.028147058566118602,
            0.014164350073066843,
            -0.9995034338515715,
            0.0,
            0.5046343402767557,
            -0.038919084070415624,
            0.2812157017270281,
            1.0
        ],
        "geometry": null,
        "grasp_force": 0.0,
        "grasp_width": 0.0,
        "mass": 0.0,
        "name": "shaft2",
        "q": [
            -0.04717889234179201,
            -0.13185073856974885,
            -0.034486469687599886,
            -2.0883627749325773,
            0.0077889278013025046,
            1.9273695102532702,
            0.7572235297293566
        ]
    },
    {
        "_id": "65bfcf0f5a0e8797bb01e281",
        "OB_I": [
            0.0,
            0.0,
            0.0,
            0.0,
            0.0,
            0.0,
            0.0,
            0.0,
            0.0
        ],
        "OB_T_TCP": [
            1.0,
            0.0,
            0.0,
            0.0,
            0.0,
            1.0,
            0.0,
            0.0,
            0.0,
            0.0,
            1.0,
            0.0,
            0.0,
            0.0,
            0.0,
            1.0
        ],
        "OB_T_gp": [
            1.0,
            0.0,
            0.0,
            0.0,
            0.0,
            1.0,
            0.0,
            0.0,
            0.0,
            0.0,
            1.0,
            0.0,
            0.0,
            0.0,
            0.0,
            1.0
        ],
        "O_T_OB": [
            0.9437340865485336,
            0.06882246062716522,
            0.32343498527653963,
            0.0,
            0.050228524866912413,
            -0.9965780243141402,
            0.06549873010240133,
            0.0,
            0.32684227512118086,
            -0.045568599359231785,
            -0.9439796766594333,
            0.0,
            0.4125253330001541,
            -0.00839313893860622,
            0.6067596822698708,
            1.0
        ],
        "O_T_TCP": [
            0.9437393214724915,
            0.0688334428219026,
            0.3234173729983186,
            0.0,
            0.05023845593103052,
            -0.9965770370070167,
            0.0655061352637274,
            0.0,
            0.32682563252160757,
            -0.0455736036384628,
            -0.9439851972241172,
            0.0,
            0.42069933942795634,
            -0.009530327501703541,
            0.5831522581482022,
            1.0
        ],
        "geometry": null,
        "grasp_force": 0.0,
        "grasp_width": 0.0,
        "mass": 0.0,
        "name": "test",
        "q": [
            -0.057407226155201586,
            -0.5933335052833447,
            0.037569229965147215,
            -2.0232708176792724,
            -0.017467192303803232,
            1.7643939062683323,
            0.7018759353094631
        ]
    },
    {
        "_id": "65ce303af045be1f60050f41",
        "OB_I": [
            0.0,
            0.0,
            0.0,
            0.0,
            0.0,
            0.0,
            0.0,
            0.0,
            0.0
        ],
        "OB_T_TCP": [
            1.0,
            0.0,
            0.0,
            0.0,
            0.0,
            1.0,
            0.0,
            0.0,
            0.0,
            0.0,
            1.0,
            0.0,
            0.0,
            0.0,
            0.0,
            1.0
        ],
        "OB_T_gp": [
            1.0,
            0.0,
            0.0,
            0.0,
            0.0,
            1.0,
            0.0,
            0.0,
            0.0,
            0.0,
            1.0,
            0.0,
            0.0,
            0.0,
            0.0,
            1.0
        ],
        "O_T_OB": [
            -0.00034130509165598697,
            0.9999088204921296,
            0.012766405683707687,
            0.0,
            0.9999006778257512,
            0.00017031581705472163,
            0.013392250644843597,
            0.0,
            0.01338911300712114,
            0.012769954401065334,
            -0.9998288153066389,
            0.0,
            0.34586891787172797,
            0.28478778305517327,
            0.325633698814514,
            1.0
        ],
        "O_T_TCP": [
            -0.00034130509165598697,
            0.9999088204921296,
            0.012766405683707687,
            0.0,
            0.9999006778257512,
            0.00017031581705472163,
            0.013392250644843597,
            0.0,
            0.01338911300712114,
            0.012769954401065334,
            -0.9998288153066389,
            0.0,
            0.34586891787172797,
            0.28478778305517327,
            0.325633698814514,
            1.0
        ],
        "geometry": null,
        "grasp_force": 0.0,
        "grasp_width": 0.0,
        "mass": 0.0,
        "name": "outward_claw",
        "q": [
            -0.26322421671319607,
            -0.48738894555267787,
            0.8759835133827272,
            -2.392889458566437,
            0.4210987845394346,
            2.0469462890460046,
            -0.42977081686632607
        ]
    },
    {
        "_id": "65ce3098f045be1f60050f42",
        "OB_I": [
            0.0,
            0.0,
            0.0,
            0.0,
            0.0,
            0.0,
            0.0,
            0.0,
            0.0
        ],
        "OB_T_TCP": [
            1.0,
            0.0,
            0.0,
            0.0,
            0.0,
            1.0,
            0.0,
            0.0,
            0.0,
            0.0,
            1.0,
            0.0,
            0.0,
            0.0,
            0.0,
            1.0
        ],
        "OB_T_gp": [
            1.0,
            0.0,
            0.0,
            0.0,
            0.0,
            1.0,
            0.0,
            0.0,
            0.0,
            0.0,
            1.0,
            0.0,
            0.0,
            0.0,
            0.0,
            1.0
        ],
        "O_T_OB": [
            0.016519502886665666,
            0.9997483636116822,
            -0.014527986142256165,
            0.0,
            0.999314451509194,
            -0.01603160985419312,
            0.033081133468638016,
            0.0,
            0.0328405343279425,
            -0.015064800427202131,
            -0.999347062382806,
            0.0,
            0.3334408867064976,
            -0.33165373934959796,
            0.32422469388972297,
            1.0
        ],
        "O_T_TCP": [
            0.016519502886665666,
            0.9997483636116822,
            -0.014527986142256165,
            0.0,
            0.999314451509194,
            -0.01603160985419312,
            0.033081133468638016,
            0.0,
            0.0328405343279425,
            -0.015064800427202131,
            -0.999347062382806,
            0.0,
            0.3334408867064976,
            -0.33165373934959796,
            0.32422469388972297,
            1.0
        ],
        "geometry": null,
        "grasp_force": 0.0,
        "grasp_width": 0.0,
        "mass": 0.0,
        "name": "parallel_box2",
        "q": [
            -0.49195081603365076,
            -0.2536298767587599,
            -0.28172348515657036,
            -2.357436443128084,
            -0.06903641326254598,
            2.1465019415994413,
            -1.4987806172708702
        ]
    },
    {
        "_id": "65ce3113f045be1f60050f43",
        "OB_I": [
            0.0,
            0.0,
            0.0,
            0.0,
            0.0,
            0.0,
            0.0,
            0.0,
            0.0
        ],
        "OB_T_TCP": [
            1.0,
            0.0,
            0.0,
            0.0,
            0.0,
            1.0,
            0.0,
            0.0,
            0.0,
            0.0,
            1.0,
            0.0,
            0.0,
            0.0,
            0.0,
            1.0
        ],
        "OB_T_gp": [
            1.0,
            0.0,
            0.0,
            0.0,
            0.0,
            1.0,
            0.0,
            0.0,
            0.0,
            0.0,
            1.0,
            0.0,
            0.0,
            0.0,
            0.0,
            1.0
        ],
        "O_T_OB": [
            0.05033441300943016,
            0.998522325819256,
            -0.020008963209219598,
            0.0,
            0.9980401159147424,
            -0.049549287905040595,
            0.037967644043304945,
            0.0,
            0.036920821197481454,
            -0.021881248318769652,
            -0.9990786074849747,
            0.0,
            0.4951086360500897,
            -0.1768782158810579,
            0.5007737812082008,
            1.0
        ],
        "O_T_TCP": [
            0.05033441300943016,
            0.998522325819256,
            -0.020008963209219598,
            0.0,
            0.9980401159147424,
            -0.049549287905040595,
            0.037967644043304945,
            0.0,
            0.036920821197481454,
            -0.021881248318769652,
            -0.9990786074849747,
            0.0,
            0.49824690585187564,
            -0.1787381219881533,
            0.415852099571978,
            1.0
        ],
        "geometry": null,
        "grasp_force": 0.0,
        "grasp_width": 0.0,
        "mass": 0.0,
        "name": "shaft1",
        "q": [
            -0.6783767049908637,
            -0.14173239019669984,
            0.31067318724331106,
            -1.7888499834156932,
            0.03642009920908874,
            1.6961157420094577,
            -1.1089101982976917
        ]
    },
    {
        "_id": "65ce315df045be1f60050f44",
        "OB_I": [
            0.0,
            0.0,
            0.0,
            0.0,
            0.0,
            0.0,
            0.0,
            0.0,
            0.0
        ],
        "OB_T_TCP": [
            1.0,
            0.0,
            0.0,
            0.0,
            0.0,
            1.0,
            0.0,
            0.0,
            0.0,
            0.0,
            1.0,
            0.0,
            0.0,
            0.0,
            0.0,
            1.0
        ],
        "OB_T_gp": [
            1.0,
            0.0,
            0.0,
            0.0,
            0.0,
            1.0,
            0.0,
            0.0,
            0.0,
            0.0,
            1.0,
            0.0,
            0.0,
            0.0,
            0.0,
            1.0
        ],
        "O_T_OB": [
            0.06323640929784359,
            0.9978521827830034,
            0.016520434483373037,
            0.0,
            0.9977655821240671,
            -0.06356378921021756,
            0.020105589547900215,
            0.0,
            0.021112914320698742,
            0.015212408525423958,
            -0.9996613563981266,
            0.0,
            0.3844454340627629,
            -0.034519055467682386,
            0.3511666416459713,
            1.0
        ],
        "O_T_TCP": [
            0.06323640929784359,
            0.9978521827830034,
            0.016520434483373037,
            0.0,
            0.9977655821240671,
            -0.06356378921021756,
            0.020105589547900215,
            0.0,
            0.021112914320698742,
            0.015212408525423958,
            -0.9996613563981266,
            0.0,
            0.38624003178002225,
            -0.03322600074302135,
            0.2661954263521305,
            1.0
        ],
        "geometry": null,
        "grasp_force": 0.0,
        "grasp_width": 0.0,
        "mass": 0.0,
        "name": "gearbase_hole1",
        "q": [
            -0.4779728950460752,
            -0.5647525487445973,
            0.34118822538716465,
            -2.533109467228605,
            0.2194305768719429,
            2.0038177083303617,
            -0.9983835912605101
        ]
    },
    {
        "_id": "65ce31d5f045be1f60050f45",
        "OB_I": [
            0.0,
            0.0,
            0.0,
            0.0,
            0.0,
            0.0,
            0.0,
            0.0,
            0.0
        ],
        "OB_T_TCP": [
            1.0,
            0.0,
            0.0,
            0.0,
            0.0,
            1.0,
            0.0,
            0.0,
            0.0,
            0.0,
            1.0,
            0.0,
            0.0,
            0.0,
            0.0,
            1.0
        ],
        "OB_T_gp": [
            1.0,
            0.0,
            0.0,
            0.0,
            0.0,
            1.0,
            0.0,
            0.0,
            0.0,
            0.0,
            1.0,
            0.0,
            0.0,
            0.0,
            0.0,
            1.0
        ],
        "O_T_OB": [
            0.016773866766090845,
            0.998555668652971,
            0.050852344055508855,
            0.0,
            0.999651562629023,
            -0.017761257817640888,
            0.019027295007331226,
            0.0,
            0.019903398084193856,
            0.05051643648500831,
            -0.9985248842114842,
            0.0,
            0.6166632788352968,
            -0.06722110520041134,
            0.29656367644075515,
            1.0
        ],
        "O_T_TCP": [
            0.016773866766090845,
            0.998555668652971,
            0.050852344055508855,
            0.0,
            0.999651562629023,
            -0.017761257817640888,
            0.019027295007331226,
            0.0,
            0.019903398084193856,
            0.05051643648500831,
            -0.9985248842114842,
            0.0,
            0.6171608637874016,
            -0.06595819428828614,
            0.27160055433546804,
            1.0
        ],
        "geometry": null,
        "grasp_force": 0.0,
        "grasp_width": 0.0,
